3.155680854423511028e+09
4.335245862603187561e-02
-1.191191002726554871e-01
4.928580671548843384e-02
-4.347930103540420532e-02
-9.062921628355979919e-03
1.007568240165710449e+00
-1.268852710723876953e+01
1.521540737152099609e+01
-4.778071594238281250e+01
9.839174194335937500e+02
3.920595347881317139e-01
-1.676826365292072296e-02
-1.187826693058013916e-02
9.178751707077026367e-01
3.155680854443763733e+09
-4.467948377132415771e-01
-5.823748558759689331e-02
-1.168712973594665527e-02
-3.960013389587402344e-02
-6.142305675894021988e-03
1.010967612266540527e+00
-1.268852710723876953e+01
1.521540737152099609e+01
-4.778071594238281250e+01
9.839157104492187500e+02
3.919978737831115723e-01
-1.675385795533657074e-02
-1.188618317246437073e-02
9.179015755653381348e-01
3.155680854464015961e+09
-7.900010794401168823e-02
-1.796181201934814453e-01
1.101364567875862122e-01
-4.239725321531295776e-02
-1.160273607820272446e-02
1.016635894775390625e+00
-1.269391727447509766e+01
1.557734870910644531e+01
-4.739619064331054688e+01
9.839157104492187500e+02
3.919344842433929443e-01
-1.677474938333034515e-02
-1.190173067152500153e-02
9.179281592369079590e-01
3.155680854484268188e+09
4.360202699899673462e-02
2.447634935379028320e-03
-7.270710170269012451e-02
-3.954041004180908203e-02
-1.341672893613576889e-02
1.009817957878112793e+00
-1.269391727447509766e+01
1.557734870910644531e+01
-4.739619064331054688e+01
9.839157104492187500e+02
3.919270932674407959e-01
-1.676661334931850433e-02
-1.190035790205001831e-02
9.179313778877258301e-01
3.155680854504520893e+09
1.661656051874160767e-01
-1.186476424336433411e-01
-7.242882996797561646e-02
-4.299110174179077148e-02
-1.145967748016119003e-02
1.005575895309448242e+00
-1.269391727447509766e+01
1.557734870910644531e+01
-4.739619064331054688e+01
9.839157104492187500e+02
3.918862342834472656e-01
-1.676811091601848602e-02
-1.190915890038013458e-02
9.179487824440002441e-01
3.155680854524772644e+09
-1.768422499299049377e-02
-1.186161860823631287e-01
-7.234262675046920776e-02
-4.247444123029708862e-02
-1.437475159764289856e-02
1.005976557731628418e+00
-1.343284034729003906e+01
1.557581996917724609e+01
-4.739697265625000000e+01
9.839157104492187500e+02
3.918046057224273682e-01
-1.676041260361671448e-02
-1.191647909581661224e-02
9.179835915565490723e-01
3.155680854545024872e+09
-7.891868054866790771e-02
6.339127570390701294e-02
1.715040504932403564e-01
-4.212536290287971497e-02
-4.113989882171154022e-03
1.002384781837463379e+00
-1.343284034729003906e+01
1.557581996917724609e+01
-4.739697265625000000e+01
9.839157104492187500e+02
3.916922509670257568e-01
-1.676454208791255951e-02
-1.191957294940948486e-02
9.180315136909484863e-01
3.155680854565277576e+09
1.050005406141281128e-01
1.241382732987403870e-01
-1.134035922586917877e-02
-4.206458479166030884e-02
-8.033103309571743011e-03
1.004690289497375488e+00
-1.305692481994628906e+01
1.521013927459716797e+01
-4.695277023315429688e+01
9.839157104492187500e+02
3.915866017341613770e-01
-1.676424965262413025e-02
-1.190181635320186615e-02
9.180766940116882324e-01
3.155680854585529804e+09
-1.755151525139808655e-02
2.984911203384399414e-03
-1.129272021353244781e-02
-4.010444879531860352e-02
-9.478015825152397156e-03
1.005593419075012207e+00
-1.305692481994628906e+01
1.521013927459716797e+01
-4.695277023315429688e+01
9.839157104492187500e+02
3.914634883403778076e-01
-1.675284653902053833e-02
-1.191194821149110794e-02
9.181293249130249023e-01
3.155680854605782509e+09
4.369440674781799316e-02
-1.182638779282569885e-01
-7.213290035724639893e-02
-4.063942655920982361e-02
-4.140299744904041290e-03
1.005736231803894043e+00
-1.305692481994628906e+01
1.521013927459716797e+01
-4.695277023315429688e+01
9.839174194335937500e+02
3.913504779338836670e-01
-1.674928516149520874e-02
-1.190332043915987015e-02
9.181777238845825195e-01
3.155680854623503685e+09
2.274925708770751953e-01
-5.764985084533691406e-02
1.717097014188766479e-01
-3.765551000833511353e-02
-1.140236575156450272e-02
1.006478428840637207e+00
-1.268803596496582031e+01
1.521332836151123047e+01
-4.739840316772460938e+01
9.839174194335937500e+02
3.912974596023559570e-01
-1.675035245716571808e-02
-1.190037373453378677e-02
9.182002544403076172e-01
3.155680854643755913e+09
1.049022525548934937e-01
-1.791272312402725220e-01
1.106972172856330872e-01
-3.914887085556983948e-02
-4.652437753975391388e-03
1.009075164794921875e+00
-1.268803596496582031e+01
1.521332836151123047e+01
-4.739840316772460938e+01
9.839157104492187500e+02
3.912445008754730225e-01
-1.676792092621326447e-02
-1.190656330436468124e-02
9.182223677635192871e-01
3.155680854664008141e+09
-1.764963194727897644e-02
-1.182091385126113892e-01
-7.235828042030334473e-02
-3.861851245164871216e-02
-9.504325687885284424e-03
1.008944749832153320e+00
-1.239191436767578125e+01
1.594200611114501953e+01
-4.739365005493164062e+01
9.839157104492187500e+02
3.912205696105957031e-01
-1.674743741750717163e-02
-1.190451346337795258e-02
9.182330369949340820e-01
3.155680854684260845e+09
-1.768223196268081665e-02
-5.736775696277618408e-02
4.956024885177612305e-02
-3.769259527325630188e-02
-7.995070889592170715e-03
1.006084799766540527e+00
-1.239191436767578125e+01
1.594200611114501953e+01
-4.739365005493164062e+01
9.839157104492187500e+02
3.913331329822540283e-01
-1.673509739339351654e-02
-1.189931388944387436e-02
9.181853532791137695e-01
3.155680854704512596e+09
4.364094510674476624e-02
1.246192753314971924e-01
-7.245411723852157593e-02
-3.815756365656852722e-02
-7.548125460743904114e-03
1.008508324623107910e+00
-1.239191436767578125e+01
1.594200611114501953e+01
-4.739365005493164062e+01
9.839157104492187500e+02
3.914188742637634277e-01
-1.673660427331924438e-02
-1.192706078290939331e-02
9.181485176086425781e-01
3.155680854724764824e+09
-7.898788899183273315e-02
2.458331584930419922e-01
-1.130820252001285553e-02
-4.152333736419677734e-02
-8.584015071392059326e-03
1.009964585304260254e+00
-1.268746376037597656e+01
1.521090316772460938e+01
-4.695237731933593750e+01
9.839174194335937500e+02
3.914181292057037354e-01
-1.673406362533569336e-02
-1.191253773868083954e-02
9.181489944458007812e-01
3.155680854745017529e+09
-1.793390326201915741e-02
6.394400447607040405e-02
-1.333227753639221191e-01
-4.302266985177993774e-02
-5.662232637405395508e-03
1.008131384849548340e+00
-1.268746376037597656e+01
1.521090316772460938e+01
-4.695237731933593750e+01
9.839174194335937500e+02
3.913736641407012939e-01
-1.673916913568973541e-02
-1.189188286662101746e-02
9.181681275367736816e-01
3.155680854765269756e+09
4.317835345864295959e-02
2.458929568529129028e-01
1.106387078762054443e-01
-4.006154090166091919e-02
-9.536496363580226898e-03
1.009923338890075684e+00
-1.268860912322998047e+01
1.521575355529785156e+01
-4.784443283081054688e+01
9.839157104492187500e+02
3.913294970989227295e-01
-1.673790626227855682e-02
-1.187705341726541519e-02
9.181872606277465820e-01
3.155680854785522461e+09
-1.826647855341434479e-02
1.246242150664329529e-01
4.972212761640548706e-02
-4.060620069503784180e-02
-4.665115848183631897e-03
1.008610367774963379e+00
-1.268860912322998047e+01
1.521575355529785156e+01
-4.784443283081054688e+01
9.839157104492187500e+02
3.912847936153411865e-01
-1.673924364149570465e-02
-1.185354962944984436e-02
9.182065725326538086e-01
3.155680854805774689e+09
-1.822066307067871094e-02
-1.177145391702651978e-01
-7.221610844135284424e-02
-4.105912148952484131e-02
-1.142761390656232834e-02
1.005073070526123047e+00
-1.268860912322998047e+01
1.521575355529785156e+01
-4.784443283081054688e+01
9.839132690429687500e+02
3.912204205989837646e-01
-1.672602631151676178e-02
-1.185617409646511078e-02
9.182342290878295898e-01
3.155680854823495865e+09
1.043770164251327515e-01
-5.704475194215774536e-02
-7.207658886909484863e-02
-4.160854965448379517e-02
-6.549733690917491913e-03
1.003278970718383789e+00
-1.201069068908691406e+01
1.521472930908203125e+01
-4.739768600463867188e+01
9.839132690429687500e+02
3.912486135959625244e-01
-1.673015765845775604e-02
-1.185751706361770630e-02
9.182220697402954102e-01
3.155680854843748093e+09
1.655669361352920532e-01
6.428274512290954590e-02
-1.330319344997406006e-01
-4.303742572665214539e-02
-7.080728653818368912e-03
1.005207300186157227e+00
-1.201069068908691406e+01
1.521472930908203125e+01
-4.739768600463867188e+01
9.839174194335937500e+02
3.913097083568572998e-01
-1.674165390431880951e-02
-1.184595655649900436e-02
9.181960225105285645e-01
3.155680854863999844e+09
1.042571365833282471e-01
-1.784754395484924316e-01
1.718546748161315918e-01
-4.351594299077987671e-02
-4.217637702822685242e-03
1.008655428886413574e+00
-1.269979858398437500e+01
1.594136905670166016e+01
-4.739397430419921875e+01
9.839174194335937500e+02
3.913766145706176758e-01
-1.675345376133918762e-02
-1.184356398880481720e-02
9.181671738624572754e-01
3.155680854884252548e+09
-1.837000437080860138e-02
6.390339136123657227e-02
-7.197401672601699829e-02
-4.056986421346664429e-02
-1.046905852854251862e-02
1.006536006927490234e+00
-1.269979858398437500e+01
1.594136905670166016e+01
-4.739397430419921875e+01
9.839157104492187500e+02
3.914315104484558105e-01
-1.677489094436168671e-02
-1.184543035924434662e-02
9.181433916091918945e-01
3.155680854904504776e+09
-1.409007757902145386e-01
3.084100782871246338e-03
5.011569336056709290e-02
-4.251630231738090515e-02
-1.096096076071262360e-02
1.005101919174194336e+00
-1.269979858398437500e+01
1.594136905670166016e+01
-4.739397430419921875e+01
9.839157104492187500e+02
3.914686441421508789e-01
-1.677959226071834564e-02
-1.187087129801511765e-02
9.181271195411682129e-01
3.155680854924757481e+09
1.655779331922531128e-01
1.242988482117652893e-01
1.109731495380401611e-01
-3.965393453836441040e-02
-1.038480084389448166e-02
1.001232862472534180e+00
-1.201714420318603516e+01
1.558117485046386719e+01
-4.784150314331054688e+01
9.839115600585937500e+02
3.915599286556243896e-01
-1.679503358900547028e-02
-1.189112756401300430e-02
9.180877804756164551e-01
3.155680854945009708e+09
-7.943379133939743042e-02
-5.772304534912109375e-02
-1.104229688644409180e-02
-4.402085393667221069e-02
-9.470669552683830261e-03
1.001306772232055664e+00
-1.201714420318603516e+01
1.558117485046386719e+01
-4.784150314331054688e+01
9.839115600585937500e+02
3.916649818420410156e-01
-1.680318079888820648e-02
-1.190823223441839218e-02
9.180426001548767090e-01
3.155680854965261936e+09
4.301548749208450317e-02
2.928309142589569092e-03
-1.329618841409683228e-01
-4.060233756899833679e-02
-7.547593675553798676e-03
1.006129741668701172e+00
-1.202188110351562500e+01
1.594034481048583984e+01
-4.694723129272460938e+01
9.839115600585937500e+02
3.918047547340393066e-01
-1.679811254143714905e-02
-1.189219020307064056e-02
9.179831743240356445e-01
3.155680854985514641e+09
1.041863858699798584e-01
6.365580856800079346e-02
-7.185528427362442017e-02
-3.910300135612487793e-02
-1.046937890350818634e-02
1.007963061332702637e+00
-1.202188110351562500e+01
1.594034481048583984e+01
-4.694723129272460938e+01
9.839115600585937500e+02
3.919642865657806396e-01
-1.678931340575218201e-02
-1.188710238784551620e-02
9.179153442382812500e-01
3.155680855005766869e+09
-1.411136388778686523e-01
-1.182329282164573669e-01
-7.177061587572097778e-02
-4.017982631921768188e-02
-6.498070899397134781e-03
1.000857234001159668e+00
-1.202188110351562500e+01
1.594034481048583984e+01
-4.694723129272460938e+01
9.839098510742187500e+02
3.921404182910919189e-01
-1.677154749631881714e-02
-1.187005918473005295e-02
9.178406596183776855e-01
3.155680855023488045e+09
2.877636551856994629e-01
-1.183539405465126038e-01
-7.174692302942276001e-02
-3.378723189234733582e-02
-1.278272643685340881e-02
1.004473090171813965e+00
-1.237574100494384766e+01
1.491269397735595703e+01
-4.778223419189453125e+01
9.839098510742187500e+02
3.920976519584655762e-01
-1.677525229752063751e-02
-1.185378991067409515e-02
9.178590774536132812e-01
3.155680855043739796e+09
-1.889134943485260010e-02
2.860993146896362305e-03
-1.064105611294507980e-02
-4.106564819812774658e-02
-1.828013919293880463e-03
1.013982892036437988e+00
-1.237574100494384766e+01
1.491269397735595703e+01
-4.778223419189453125e+01
9.839098510742187500e+02
3.920332491397857666e-01
-1.678762957453727722e-02
-1.184405852109193802e-02
9.178864359855651855e-01
3.155680855063992500e+09
-1.884392835199832916e-02
-1.790082752704620361e-01
5.040720105171203613e-02
-3.723566234111785889e-02
-3.635723143815994263e-03
1.007635116577148438e+00
-1.238015174865722656e+01
1.521396541595458984e+01
-4.739807891845703125e+01
9.839098510742187500e+02
3.919860124588012695e-01
-1.678452640771865845e-02
-1.184706203639507294e-02
9.179065823554992676e-01
3.155680855084244728e+09
-1.868123374879360199e-02
-2.395600974559783936e-01
1.113212928175926208e-01
-3.863236308097839355e-02
-8.046841248869895935e-03
1.008982300758361816e+00
-1.238015174865722656e+01
1.521396541595458984e+01
-4.739807891845703125e+01
9.839098510742187500e+02
3.919868767261505127e-01
-1.677074842154979706e-02
-1.185297220945358276e-02
9.179064035415649414e-01
3.155680855104496956e+09
4.249070584774017334e-02
-1.182123646140098572e-01
1.112713664770126343e-01
-4.151932150125503540e-02
-1.098716445267200470e-02
1.007977724075317383e+00
-1.238015174865722656e+01
1.521396541595458984e+01
-4.739807891845703125e+01
9.839098510742187500e+02
3.919933140277862549e-01
-1.677201315760612488e-02
-1.183456927537918091e-02
9.179038405418395996e-01
3.155680855124749660e+09
-1.412792801856994629e-01
6.385127454996109009e-02
1.111259162425994873e-01
-4.350746050477027893e-02
-7.585943210870027542e-03
1.006162285804748535e+00
-1.237582302093505859e+01
1.491304016113281250e+01
-4.784595108032226562e+01
9.839115600585937500e+02
3.919430673122406006e-01
-1.676226779818534851e-02
-1.184954866766929626e-02
9.179252982139587402e-01
3.155680855145001888e+09
-1.411937773227691650e-01
-5.770254880189895630e-02
1.108469367027282715e-01
-4.115312173962593079e-02
-6.983684841543436050e-03
9.998933076858520508e-01
-1.237582302093505859e+01
1.491304016113281250e+01
-4.784595108032226562e+01
9.839115600585937500e+02
3.918989598751068115e-01
-1.677583903074264526e-02
-1.186603400856256485e-02
9.179437160491943359e-01
3.155680855165254593e+09
1.039875149726867676e-01
-1.789703369140625000e-01
-1.120656542479991913e-02
-4.187552630901336670e-02
-1.356564741581678391e-02
1.018504977226257324e+00
-1.239134216308593750e+01
1.593958091735839844e+01
-4.694762420654296875e+01
9.839132690429687500e+02
3.919323980808258057e-01
-1.677740365266799927e-02
-1.186025142669677734e-02
9.179294705390930176e-01
3.155680855185506821e+09
1.039957106113433838e-01
-1.184523254632949829e-01
4.980479925870895386e-02
-4.397377371788024902e-02
-1.145296823233366013e-02
1.004143357276916504e+00
-1.239134216308593750e+01
1.593958091735839844e+01
-4.694762420654296875e+01
9.839132690429687500e+02
3.920261561870574951e-01
-1.678478159010410309e-02
-1.187738776206970215e-02
9.178891777992248535e-01
3.155680855205759525e+09
-2.024288028478622437e-01
2.972185611724853516e-03
1.717611104249954224e-01
-4.056063294410705566e-02
-1.144071482121944427e-02
1.006510972976684570e+00
-1.239134216308593750e+01
1.593958091735839844e+01
-4.694762420654296875e+01
9.839115600585937500e+02
3.921256661415100098e-01
-1.677511073648929596e-02
-1.188671682029962540e-02
9.178466200828552246e-01
3.155680855223479748e+09
1.039677113294601440e-01
2.946697175502777100e-03
-7.224304974079132080e-02
-3.905652463436126709e-02
-1.436899695545434952e-02
1.008825302124023438e+00
-1.268860912322998047e+01
1.521575355529785156e+01
-4.784443283081054688e+01
9.839115600585937500e+02
3.920665681362152100e-01
-1.677853614091873169e-02
-1.189121324568986893e-02
9.178717732429504395e-01
3.155680855243732452e+09
-1.877405494451522827e-02
3.062329292297363281e-01
-1.125070080161094666e-02
-4.153362661600112915e-02
-1.096767000854015350e-02
1.006534337997436523e+00
-1.268860912322998047e+01
1.521575355529785156e+01
-4.784443283081054688e+01
9.839115600585937500e+02
3.920153975486755371e-01
-1.678255014121532440e-02
-1.187184546142816544e-02
9.178937673568725586e-01
3.155680855263984680e+09
-2.638615071773529053e-01
1.240399181842803955e-01
4.962678998708724976e-02
-4.244910180568695068e-02
-9.613938629627227783e-03
1.013318061828613281e+00
-1.343284034729003906e+01
1.557581996917724609e+01
-4.739697265625000000e+01
9.839115600585937500e+02
3.919377028942108154e-01
-1.679342798888683319e-02
-1.188077311962842941e-02
9.179267287254333496e-01
3.155680855284236908e+09
1.650796830654144287e-01
1.845204085111618042e-01
-1.140450127422809601e-02
-4.007107391953468323e-02
-9.523500688374042511e-03
1.008961081504821777e+00
-1.343284034729003906e+01
1.557581996917724609e+01
-4.739697265625000000e+01
9.839132690429687500e+02
3.918226957321166992e-01
-1.681221649050712585e-02
-1.187670044600963593e-02
9.179755449295043945e-01
3.155680855304489613e+09
1.037518307566642761e-01
6.308230757713317871e-02
1.104757785797119141e-01
-3.865635395050048828e-02
-8.493682369589805603e-03
1.006083130836486816e+00
-1.343284034729003906e+01
1.557581996917724609e+01
-4.739697265625000000e+01
9.839132690429687500e+02
3.917108178138732910e-01
-1.681973412632942200e-02
-1.188060827553272247e-02
9.180231094360351562e-01
3.155680855324741840e+09
-8.017199486494064331e-02
-1.187096908688545227e-01
1.103323698043823242e-01
-4.157964140176773071e-02
-5.630061030387878418e-03
1.007152915000915527e+00
-1.238603305816650391e+01
1.557798576354980469e+01
-4.739586257934570312e+01
9.839149780273437500e+02
3.917835354804992676e-01
-1.680454239249229431e-02
-1.186306029558181763e-02
9.179924726486206055e-01
3.155680855344994545e+09
-1.414610594511032104e-01
-2.398242950439453125e-01
-1.160485576838254929e-02
-3.377754241228103638e-02
-1.231639087200164795e-02
1.005928874015808105e+00
-1.238603305816650391e+01
1.557798576354980469e+01
-4.739586257934570312e+01
9.839149780273437500e+02
3.918420672416687012e-01
-1.677853055298328400e-02
-1.185417734086513519e-02
9.179680943489074707e-01
3.155680855365246773e+09
4.251900315284729004e-02
-1.185708642005920410e-01
1.102376803755760193e-01
-4.301418736577033997e-02
-9.030537679791450500e-03
1.005638360977172852e+00
-1.239248752593994141e+01
1.594443130493164062e+01
-4.783967971801757812e+01
9.839149780273437500e+02
3.919324874877929688e-01
-1.678316667675971985e-02
-1.186037529259920120e-02
9.179294109344482422e-01
3.155680855385499001e+09
-8.003008365631103516e-02
-1.183683201670646667e-01
-1.154630631208419800e-02
-4.113329946994781494e-02
-4.613026976585388184e-03
1.004285812377929688e+00
-1.239248752593994141e+01
1.594443130493164062e+01
-4.783967971801757812e+01
9.839149780273437500e+02
3.920295536518096924e-01
-1.676656119525432587e-02
-1.185101550072431564e-02
9.178884029388427734e-01
3.155680855405751705e+09
-2.024252265691757202e-01
1.242211461067199707e-01
-1.153646502643823624e-02
-4.255785420536994934e-02
-6.588509306311607361e-03
1.005214333534240723e+00
-1.343872165679931641e+01
1.593984031677246094e+01
-4.739476013183593750e+01
9.839149780273437500e+02
3.921052813529968262e-01
-1.676536351442337036e-02
-1.186842564493417740e-02
9.178557991981506348e-01
3.155680855423471928e+09
-1.411249339580535889e-01
-5.781862139701843262e-02
1.712854653596878052e-01
-3.866066783666610718e-02
-7.049194537103176117e-03
1.007082819938659668e+00
-1.343872165679931641e+01
1.593984031677246094e+01
-4.739476013183593750e+01
9.839149780273437500e+02
3.920622766017913818e-01
-1.676346920430660248e-02
-1.186841912567615509e-02
9.178741574287414551e-01
3.155680855443724632e+09
-1.871295273303985596e-02
-5.792092531919479370e-02
1.102930903434753418e-01
-4.402888193726539612e-02
-4.664372652769088745e-03
1.005280613899230957e+00
-1.343872165679931641e+01
1.593984031677246094e+01
-4.739476013183593750e+01
9.839149780273437500e+02
3.920046985149383545e-01
-1.677638106048107147e-02
-1.185423508286476135e-02
9.178987741470336914e-01
3.155680855463976860e+09
1.652282327413558960e-01
-1.791882216930389404e-01
-7.260826975107192993e-02
-3.959285840392112732e-02
-1.334525365382432938e-02
1.004525780677795410e+00
-1.343872165679931641e+01
1.593984031677246094e+01
-4.739476013183593750e+01
9.839091796875000000e+02
3.919274508953094482e-01
-1.678010448813438416e-02
-1.186577882617712021e-02
9.179315567016601562e-01
3.155680855484229565e+09
-7.997499406337738037e-02
2.762086689472198486e-03
-1.335049867630004883e-01
-3.813015669584274292e-02
-1.142175309360027313e-02
1.007446050643920898e+00
-1.343872165679931641e+01
1.593984031677246094e+01
-4.739476013183593750e+01
9.839091796875000000e+02
3.918605148792266846e-01
-1.678787358105182648e-02
-1.186380162835121155e-02
9.179599881172180176e-01
3.155680855504481792e+09
1.038506850600242615e-01
1.848075985908508301e-01
1.103613749146461487e-01
-4.348808526992797852e-02
-6.653274409472942352e-03
1.009073972702026367e+00
-1.343284034729003906e+01
1.557581996917724609e+01
-4.739697265625000000e+01
9.839108886718750000e+02
3.918220698833465576e-01
-1.678605191409587860e-02
-1.183123141527175903e-02
9.179767370223999023e-01
3.155680855524734497e+09
1.651189178228378296e-01
-5.766329169273376465e-02
-1.335807442665100098e-01
-4.104853048920631409e-02
-8.085297420620918274e-03
1.009490489959716797e+00
-1.343284034729003906e+01
1.557581996917724609e+01
-4.739697265625000000e+01
9.839108886718750000e+02
3.917211890220642090e-01
-1.677258312702178955e-02
-1.181344129145145416e-02
9.180203080177307129e-01
3.155680855544986725e+09
4.231980815529823303e-02
-5.761372298002243042e-02
-1.152769848704338074e-02
-3.819123655557632446e-02
-8.461300283670425415e-03
1.004153251647949219e+00
-1.343284034729003906e+01
1.557581996917724609e+01
-4.739697265625000000e+01
9.839091796875000000e+02
3.915973007678985596e-01
-1.678024977445602417e-02
-1.180279534310102463e-02
9.180731177330017090e-01
3.155680855565238953e+09
-1.414113789796829224e-01
2.999238669872283936e-03
-7.242460548877716064e-02
-3.622588515281677246e-02
-8.474720641970634460e-03
1.007018208503723145e+00
-1.238603305816650391e+01
1.557798576354980469e+01
-4.739586257934570312e+01
9.839091796875000000e+02
3.916079103946685791e-01
-1.677082106471061707e-02
-1.179384812712669373e-02
9.180688858032226562e-01
3.155680855585491657e+09
-2.026429623365402222e-01
-5.743860453367233276e-02
4.951320961117744446e-02
-4.350625723600387573e-02
-3.751302137970924377e-03
1.010111212730407715e+00
-1.238603305816650391e+01
1.557798576354980469e+01
-4.739586257934570312e+01
9.839132690429687500e+02
3.916763365268707275e-01
-1.675746589899063110e-02
-1.177886407822370529e-02
9.180401563644409180e-01
3.155680855605743885e+09
-8.003807067871093750e-02
-1.179912686347961426e-01
1.715085059404373169e-01
-3.965242952108383179e-02
-5.591498687863349915e-03
1.006168961524963379e+00
-1.306983280181884766e+01
1.594303035736083984e+01
-4.784039688110351562e+01
9.839132690429687500e+02
3.917216956615447998e-01
-1.675524935126304626e-02
-1.176696643233299255e-02
9.180210232734680176e-01
3.155680855623464584e+09
1.651185005903244019e-01
3.490239381790161133e-03
4.956709966063499451e-02
-4.054050520062446594e-02
-8.111396804451942444e-03
1.011890649795532227e+00
-1.306983280181884766e+01
1.594303035736083984e+01
-4.784039688110351562e+01
9.839091796875000000e+02
3.917157053947448730e-01
-1.674419082701206207e-02
-1.176268327981233597e-02
9.180239439010620117e-01
3.155680855643716812e+09
-8.000747114419937134e-02
3.291100263595581055e-03
4.955742508172988892e-02
-3.963737189769744873e-02
-3.214341588318347931e-03
1.010080337524414062e+00
-1.306983280181884766e+01
1.594303035736083984e+01
-4.784039688110351562e+01
9.839091796875000000e+02
3.917180299758911133e-01
-1.675496436655521393e-02
-1.176760345697402954e-02
9.180226325988769531e-01
3.155680855663969517e+09
-1.856625266373157501e-02
1.245050877332687378e-01
-1.145450398325920105e-02
-3.865173459053039551e-02
-8.979510515928268433e-03
1.006070613861083984e+00
-1.305259609222412109e+01
1.490921401977539062e+01
-4.740063858032226562e+01
9.839132690429687500e+02
3.916213810443878174e-01
-1.675744168460369110e-02
-1.177817769348621368e-02
9.180636405944824219e-01
3.155680855684221745e+09
-7.968317717313766479e-02
-1.787586063146591187e-01
1.714091300964355469e-01
-3.907795622944831848e-02
-6.667225155979394913e-03
1.014317274093627930e+00
-1.305259609222412109e+01
1.490921401977539062e+01
-4.740063858032226562e+01
9.839132690429687500e+02
3.914812803268432617e-01
-1.674808375537395477e-02
-1.177842728793621063e-02
9.181236028671264648e-01
3.155680855704473972e+09
4.297836124897003174e-02
6.390637159347534180e-02
1.714763343334197998e-01
-3.867451846599578857e-02
-5.591711960732936859e-03
1.007120370864868164e+00
-1.238015174865722656e+01
1.521396541595458984e+01
-4.739807891845703125e+01
9.839132690429687500e+02
3.913691341876983643e-01
-1.674724556505680084e-02
-1.177215948700904846e-02
9.181714057922363281e-01
3.155680855724726677e+09
4.310123994946479797e-02
-5.722887814044952393e-02
-1.155938487499952316e-02
-3.964319452643394470e-02
-6.563154514878988266e-03
1.006143927574157715e+00
-1.238015174865722656e+01
1.521396541595458984e+01
-4.739807891845703125e+01
9.839132690429687500e+02
3.913624584674835205e-01
-1.673744618892669678e-02
-1.178676728159189224e-02
9.181743860244750977e-01
3.155680855744978905e+09
-1.817040331661701202e-02
1.854165941476821899e-01
-1.151120103895664215e-02
-4.303310811519622803e-02
-8.525216951966285706e-03
1.004207491874694824e+00
-1.238015174865722656e+01
1.521396541595458984e+01
-4.739807891845703125e+01
9.839091796875000000e+02
3.913588821887969971e-01
-1.673421636223793030e-02
-1.179089490324258804e-02
9.181757569313049316e-01
3.155680855765231609e+09
1.042982563376426697e-01
1.853507757186889648e-01
1.105416640639305115e-01
-3.723059222102165222e-02
-2.683560363948345184e-03
1.009103417396545410e+00
-1.305749702453613281e+01
1.521256446838378906e+01
-4.739879608154296875e+01
9.839091796875000000e+02
3.912786543369293213e-01
-1.673818565905094147e-02
-1.178020704537630081e-02
9.182100892066955566e-01
3.155680855785483837e+09
1.042864918708801270e-01
1.246263682842254639e-01
4.960614070296287537e-02
-4.250124469399452209e-02
-8.583802729845046997e-03
1.009013175964355469e+00
-1.305749702453613281e+01
1.521256446838378906e+01
-4.739879608154296875e+01
9.839091796875000000e+02
3.911653459072113037e-01
-1.674190908670425415e-02
-1.178575679659843445e-02
9.182581901550292969e-01
3.155680855805736542e+09
2.879765629768371582e-01
-2.998979091644287109e-01
-1.136778108775615692e-02
-4.206503927707672119e-02
-9.471092373132705688e-03
1.003209471702575684e+00
-1.305316925048828125e+01
1.491163921356201172e+01
-4.784666824340820312e+01
9.839091796875000000e+02
3.910372555255889893e-01
-1.675027608871459961e-02
-1.177008450031280518e-02
9.183127880096435547e-01
3.155680855823456764e+09
-1.847324706614017487e-02
3.388524055480957031e-03
-1.333092600107192993e-01
-3.726903349161148071e-02
-3.590238280594348907e-03
1.004267334938049316e+00
-1.305316925048828125e+01
1.491163921356201172e+01
-4.784666824340820312e+01
9.839091796875000000e+02
3.909224271774291992e-01
-1.673914864659309387e-02
-1.175522617995738983e-02
9.183620810508728027e-01
3.155680855843708992e+09
-1.410614550113677979e-01
6.422916054725646973e-02
1.106713265180587769e-01
-4.392639920115470886e-02
-1.247660629451274872e-02
1.007967352867126465e+00
-1.305316925048828125e+01
1.491163921356201172e+01
-4.784666824340820312e+01
9.839091796875000000e+02
3.907551765441894531e-01
-1.673141121864318848e-02
-1.176063530147075653e-02
9.184333682060241699e-01
3.155680855863961697e+09
1.651869416236877441e-01
1.249551996588706970e-01
1.105656325817108154e-01
-3.862418234348297119e-02
-1.237380877137184143e-02
1.005502104759216309e+00
-1.238015174865722656e+01
1.521396541595458984e+01
-4.739807891845703125e+01
9.839091796875000000e+02
3.907172679901123047e-01
-1.672892645001411438e-02
-1.175802014768123627e-02
9.184495806694030762e-01
3.155680855884213924e+09
4.248385131359100342e-02
-5.695406347513198853e-02
4.941957443952560425e-02
-4.149086400866508484e-02
-1.150548085570335388e-02
1.010370612144470215e+00
-1.238015174865722656e+01
1.521396541595458984e+01
-4.739807891845703125e+01
9.839091796875000000e+02
3.907302916049957275e-01
-1.672720722854137421e-02
-1.175526902079582214e-02
9.184441566467285156e-01
3.155680855904466629e+09
4.243493080139160156e-02
-1.782997846603393555e-01
-1.334628760814666748e-01
-3.817708417773246765e-02
-8.960124105215072632e-03
1.005102992057800293e+00
-1.269449043273925781e+01
1.557977390289306641e+01
-4.784222030639648438e+01
9.839091796875000000e+02
3.907358050346374512e-01
-1.672750711441040039e-02
-1.175326947122812271e-02
9.184418320655822754e-01
3.155680855924718857e+09
-8.003702014684677124e-02
-1.782899051904678345e-01
-1.334721893072128296e-01
-3.475439921021461487e-02
-8.960868231952190399e-03
1.008432865142822266e+00
-1.269449043273925781e+01
1.557977390289306641e+01
-4.784222030639648438e+01
9.839091796875000000e+02
3.907451927661895752e-01
-1.672562398016452789e-02
-1.176252588629722595e-02
9.184377193450927734e-01
3.155680855944971561e+09
-8.016303181648254395e-02
-1.175071001052856445e-01
-1.145768258720636368e-02
-4.256633669137954712e-02
-3.220203332602977753e-03
1.007707357406616211e+00
-1.269449043273925781e+01
1.557977390289306641e+01
-4.784222030639648438e+01
9.839108886718750000e+02
3.907512128353118896e-01
-1.672693714499473572e-02
-1.175047829747200012e-02
9.184352159500122070e-01
3.155680855965223789e+09
-1.881759613752365112e-02
6.445960700511932373e-02
4.949698597192764282e-02
-4.203075543045997620e-02
-6.640597246587276459e-03
1.009538888931274414e+00
-1.269922637939453125e+01
1.593894386291503906e+01
-4.694794845581054688e+01
9.839108886718750000e+02
3.908197879791259766e-01
-1.672780886292457581e-02
-1.175062824040651321e-02
9.184060096740722656e-01
3.155680855985476017e+09
4.256608709692955017e-02
-1.177164390683174133e-01
-1.149578485637903214e-02
-3.818049654364585876e-02
-4.639655351638793945e-03
1.009064316749572754e+00
-1.269922637939453125e+01
1.593894386291503906e+01
-4.694794845581054688e+01
9.839108886718750000e+02
3.908979296684265137e-01
-1.673512905836105347e-02
-1.175594236701726913e-02
9.183726310729980469e-01
3.155680856005727768e+09
4.257463663816452026e-02
-1.176874935626983643e-01
-1.152433361858129501e-02
-4.062035679817199707e-02
-4.166292026638984680e-03
1.007660627365112305e+00
-1.269334506988525391e+01
1.557492351531982422e+01
-4.695016479492187500e+01
9.839108886718750000e+02
3.909471035003662109e-01
-1.674345880746841431e-02
-1.175385899841785431e-02
9.183515906333923340e-01
3.155680856023448944e+09
-7.994191348552703857e-02
1.249775737524032593e-01
4.940766468644142151e-02
-4.152825102210044861e-02
-9.056847542524337769e-03
1.008989810943603516e+00
-1.269334506988525391e+01
1.557492351531982422e+01
-4.695016479492187500e+01
9.839126586914062500e+02
3.909569084644317627e-01
-1.674107834696769714e-02
-1.176451519131660461e-02
9.183472394943237305e-01
3.155680856043701649e+09
4.260488599538803101e-02
1.250635236501693726e-01
1.104199066758155823e-01
-4.056063294410705566e-02
-1.144071482121944427e-02
1.006510972976684570e+00
-1.269334506988525391e+01
1.557492351531982422e+01
-4.695016479492187500e+01
9.839126586914062500e+02
3.909544348716735840e-01
-1.675067096948623657e-02
-1.176945120096206665e-02
9.183480739593505859e-01
3.155680856063953876e+09
4.257479682564735413e-02
3.527231514453887939e-03
1.104105114936828613e-01
-4.063034057617187500e-02
-5.591287277638912201e-03
1.005217671394348145e+00
-1.306926059722900391e+01
1.594060516357421875e+01
-4.739436721801757812e+01
9.839143676757812500e+02
3.909620344638824463e-01
-1.676381193101406097e-02
-1.177551224827766418e-02
9.183446168899536133e-01
3.155680856084206581e+09
-8.012814819812774658e-02
1.248168572783470154e-01
-1.166085526347160339e-02
-3.964796289801597595e-02
-6.556656677275896072e-03
1.005662918090820312e+00
-1.306926059722900391e+01
1.594060516357421875e+01
-4.739436721801757812e+01
9.839143676757812500e+02
3.909763097763061523e-01
-1.676543243229389191e-02
-1.177026517689228058e-02
9.183384776115417480e-01
3.155680856104458809e+09
-1.413404643535614014e-01
-5.739670246839523315e-02
-1.163158472627401352e-02
-4.305157810449600220e-02
-6.581905297935009003e-03
1.004257559776306152e+00
-1.270568084716796875e+01
1.630538940429687500e+01
-4.739176177978515625e+01
9.839160766601562500e+02
3.910168409347534180e-01
-1.677733846008777618e-02
-1.178970839828252792e-02
9.183207750320434570e-01
3.155680856124711514e+09
-1.885107718408107758e-02
-1.785131394863128662e-01
-1.162148173898458481e-02
-4.152810201048851013e-02
-8.577517233788967133e-03
1.009483456611633301e+00
-1.270568084716796875e+01
1.630538940429687500e+01
-4.739176177978515625e+01
9.839160766601562500e+02
3.911195099353790283e-01
-1.677024178206920624e-02
-1.179144438356161118e-02
9.182771444320678711e-01
3.155680856144963741e+09
-7.992872595787048340e-02
1.249813437461853027e-01
-1.157318428158760071e-02
-3.773520514369010925e-02
-6.977930665016174316e-03
1.002741932868957520e+00
-1.270568084716796875e+01
1.630538940429687500e+01
-4.739176177978515625e+01
9.839143676757812500e+02
3.912304341793060303e-01
-1.675197482109069824e-02
-1.180332899093627930e-02
9.182301163673400879e-01
3.155680856165215969e+09
-2.637760937213897705e-01
-5.688996985554695129e-02
-7.254649698734283447e-02
-4.103498160839080811e-02
-1.050144247710704803e-02
1.008465886116027832e+00
-1.238603305816650391e+01
1.557798576354980469e+01
-4.739586257934570312e+01
9.839143676757812500e+02
3.912885785102844238e-01
-1.674207486212253571e-02
-1.180385518819093704e-02
9.182055592536926270e-01
3.155680856185467720e+09
4.270339012145996094e-02
-1.780646890401840210e-01
4.929598420858383179e-02
-4.011889919638633728e-02
-9.937853552401065826e-03
1.003656506538391113e+00
-1.238603305816650391e+01
1.557798576354980469e+01
-4.739586257934570312e+01
9.839143676757812500e+02
3.913635611534118652e-01
-1.672808453440666199e-02
-1.179195009171962738e-02
9.181740283966064453e-01
3.155680856205720425e+09
4.267314448952674866e-02
-2.386950999498367310e-01
1.102128177881240845e-01
-3.907870873808860779e-02
-9.063877165317535400e-03
1.011849284172058105e+00
-1.306926059722900391e+01
1.594060516357421875e+01
-4.739436721801757812e+01
9.839143676757812500e+02
3.913911879062652588e-01
-1.672289706766605377e-02
-1.179775316268205643e-02
9.181622266769409180e-01
3.155680856223441601e+09
1.039736643433570862e-01
2.465282082557678223e-01
-7.273027300834655762e-02
-3.669130057096481323e-02
-9.465765208005905151e-03
1.007960915565490723e+00
-1.306926059722900391e+01
1.594060516357421875e+01
-4.739436721801757812e+01
9.839126586914062500e+02
3.913859426975250244e-01
-1.672950014472007751e-02
-1.180541422218084335e-02
9.181642532348632812e-01
3.155680856243693829e+09
1.039818599820137024e-01
-5.669922381639480591e-02
4.922749847173690796e-02
-4.057031869888305664e-02
-1.190705038607120514e-02
1.005055189132690430e+00
-1.306926059722900391e+01
1.594060516357421875e+01
-4.739436721801757812e+01
9.839126586914062500e+02
3.913830220699310303e-01
-1.672973111271858215e-02
-1.180871669203042984e-02
9.181653857231140137e-01
3.155680856263946533e+09
-7.984641939401626587e-02
2.466034740209579468e-01
-1.176451891660690308e-02
-4.005692154169082642e-02
-1.002232450991868973e-02
1.009910821914672852e+00
-1.268803596496582031e+01
1.521332836151123047e+01
-4.739840316772460938e+01
9.839143676757812500e+02
3.913230597972869873e-01
-1.673468574881553650e-02
-1.182138454169034958e-02
9.181906580924987793e-01
3.155680856284198761e+09
2.264021635055541992e-01
3.844264894723892212e-03
-1.184972375631332397e-02
-3.716163709759712219e-02
-1.092964038252830505e-02
1.007928848266601562e+00
-1.268803596496582031e+01
1.521332836151123047e+01
-4.739840316772460938e+01
9.839143676757812500e+02
3.912843763828277588e-01
-1.674816198647022247e-02
-1.180463191121816635e-02
9.182071089744567871e-01
3.155680856304450989e+09
-2.027526944875717163e-01
-1.172924041748046875e-01
-7.272660732269287109e-02
-3.621695190668106079e-02
-1.040503662079572678e-02
1.006006002426147461e+00
-1.239779663085937500e+01
1.630602645874023438e+01
-4.739143371582031250e+01
9.839143676757812500e+02
3.913380205631256104e-01
-1.673670113086700439e-02
-1.179438736289739609e-02
9.181846976280212402e-01
3.155680856324703693e+09
-1.884960755705833435e-02
4.053052514791488647e-03
4.932680726051330566e-02
-4.351162165403366089e-02
-5.662126466631889343e-03
1.007655739784240723e+00
-1.239779663085937500e+01
1.630602645874023438e+01
-4.739143371582031250e+01
9.839143676757812500e+02
3.915050625801086426e-01
-1.672959141433238983e-02
-1.178799290210008621e-02
9.181135892868041992e-01
3.155680856344955444e+09
4.230334982275962830e-02
6.443510204553604126e-02
4.927943274378776550e-02
-4.493216425180435181e-02
-1.004075538367033005e-02
1.006597280502319336e+00
-1.239779663085937500e+01
1.630602645874023438e+01
-4.739143371582031250e+01
9.839185180664062500e+02
3.916605114936828613e-01
-1.675646007061004639e-02
-1.179461367428302765e-02
9.180467724800109863e-01
3.155680856365207672e+09
1.036490499973297119e-01
1.249701082706451416e-01
4.909828305244445801e-02
-3.771106526255607605e-02
-6.051759701222181320e-03
1.006134748458862305e+00
-1.269391727447509766e+01
1.557734870910644531e+01
-4.739619064331054688e+01
9.839185180664062500e+02
3.916646838188171387e-01
-1.676823385059833527e-02
-1.181040797382593155e-02
9.180445075035095215e-01
3.155680856385460377e+09
4.230235889554023743e-02
3.795657306909561157e-03
1.098434329032897949e-01
-4.402441531419754028e-02
-5.629531107842922211e-03
1.004774451255798340e+00
-1.269391727447509766e+01
1.557734870910644531e+01
-4.739619064331054688e+01
9.839201049804687500e+02
3.916783630847930908e-01
-1.676766574382781982e-02
-1.180561259388923645e-02
9.180387854576110840e-01
3.155680856405712605e+09
-2.027269452810287476e-01
6.419736891984939575e-02
1.098737418651580811e-01
-4.257200658321380615e-02
-6.089685484766960144e-03
1.004264593124389648e+00
-1.269979858398437500e+01
1.594136905670166016e+01
-4.739397430419921875e+01
9.839201049804687500e+02
3.917168974876403809e-01
-1.677787676453590393e-02
-1.182094775140285492e-02
9.180220365524291992e-01
3.155680856423433781e+09
-1.875279657542705536e-02
-5.731824785470962524e-02
-7.297287881374359131e-02
-3.859883919358253479e-02
-7.612996734678745270e-03
1.012843608856201172e+00
-1.269979858398437500e+01
1.594136905670166016e+01
-4.739397430419921875e+01
9.839160766601562500e+02
3.917578458786010742e-01
-1.679010689258575439e-02
-1.183336321264505386e-02
9.180040955543518066e-01
3.155680856443686008e+09
-8.019603788852691650e-02
-5.723134428262710571e-02
2.927653491497039795e-01
-4.154315963387489319e-02
-1.095467433333396912e-02
1.005572199821472168e+00
-1.269979858398437500e+01
1.594136905670166016e+01
-4.739397430419921875e+01
9.839160766601562500e+02
3.918147385120391846e-01
-1.679300330579280853e-02
-1.183000486344099045e-02
9.179798960685729980e-01
3.155680856463938713e+09
4.235135018825531006e-02
-1.178606301546096802e-01
-7.300801575183868408e-02
-3.818586468696594238e-02
-6.550477351993322372e-03
1.006608724594116211e+00
-1.268803596496582031e+01
1.521332836151123047e+01
-4.739840316772460938e+01
9.839160766601562500e+02
3.917442262172698975e-01
-1.679132319986820221e-02
-1.183468103408813477e-02
9.180099368095397949e-01
3.155680856484190941e+09
1.648220270872116089e-01
6.416414678096771240e-02
-1.948868930339813232e-01
-4.155224189162254333e-02
-9.503688663244247437e-03
1.006090641021728516e+00
-1.268803596496582031e+01
1.521332836151123047e+01
-4.739840316772460938e+01
9.839160766601562500e+02
3.916859626770019531e-01
-1.679153181612491608e-02
-1.182432938367128372e-02
9.180349707603454590e-01
3.155680856504442692e+09
1.035141050815582275e-01
6.411728262901306152e-02
-1.337587982416152954e-01
-3.962949663400650024e-02
-8.499968796968460083e-03
1.005612969398498535e+00
-1.343284034729003906e+01
1.557581996917724609e+01
-4.739697265625000000e+01
9.839143676757812500e+02
3.915836513042449951e-01
-1.680019311606884003e-02
-1.182536035776138306e-02
9.180783033370971680e-01
3.155680856524695396e+09
4.212937131524085999e-02
-2.391089946031570435e-01
-1.338248252868652344e-01
-4.103959724307060242e-02
-1.001561526209115982e-02
1.008478403091430664e+00
-1.343284034729003906e+01
1.557581996917724609e+01
-4.739697265625000000e+01
9.839143676757812500e+02
3.914744555950164795e-01
-1.679765805602073669e-02
-1.181984413415193558e-02
9.181250333786010742e-01
3.155680856544947624e+09
1.033217459917068481e-01
-1.177240535616874695e-01
-7.275438308715820312e-02
-4.399776458740234375e-02
-1.189980842173099518e-02
1.001244306564331055e+00
-1.201069068908691406e+01
1.521472930908203125e+01
-4.739768600463867188e+01
9.839143676757812500e+02
3.913795650005340576e-01
-1.679915748536586761e-02
-1.181000098586082458e-02
9.181656241416931152e-01
3.155680856565200329e+09
2.869758009910583496e-01
-1.785631179809570312e-01
4.945208132266998291e-02
-4.102127999067306519e-02
-1.243825722485780716e-02
1.007934808731079102e+00
-1.201069068908691406e+01
1.521472930908203125e+01
-4.739768600463867188e+01
9.839143676757812500e+02
3.914161920547485352e-01
-1.681557856500148773e-02
-1.180940400809049606e-02
9.181496500968933105e-01
3.155680856585452557e+09
-8.064837753772735596e-02
-5.717787891626358032e-02
1.103303879499435425e-01
-4.245446622371673584e-02
-1.152476295828819275e-02
1.010862708091735840e+00
-1.201069068908691406e+01
1.521472930908203125e+01
-4.739768600463867188e+01
9.839143676757812500e+02
3.914621174335479736e-01
-1.681479625403881073e-02
-1.183634903281927109e-02
9.181297421455383301e-01
3.155680856605704784e+09
-8.063824474811553955e-02
2.461833953857421875e-01
4.928065463900566101e-02
-4.105746746063232422e-02
-6.154981441795825958e-03
1.010502576828002930e+00
-1.306337928771972656e+01
1.557658481597900391e+01
-4.739657974243164062e+01
9.839143676757812500e+02
3.914498686790466309e-01
-1.681111939251422882e-02
-1.182587165385484695e-02
9.181351661682128906e-01
3.155680856623425961e+09
-8.048030734062194824e-02
3.692917525768280029e-03
-1.184916310012340546e-02
-4.017029330134391785e-02
-6.511066574603319168e-03
1.001819372177124023e+00
-1.306337928771972656e+01
1.557658481597900391e+01
-4.739657974243164062e+01
9.839143676757812500e+02
3.914122581481933594e-01
-1.679669134318828583e-02
-1.183289103209972382e-02
9.181514382362365723e-01
3.155680856643678665e+09
-1.418069899082183838e-01
-1.176720485091209412e-01
-7.278351485729217529e-02
-3.858574107289314270e-02
-1.146713085472583771e-02
1.010338068008422852e+00
-1.342638587951660156e+01
1.520937442779541016e+01
-4.695315933227539062e+01
9.839143676757812500e+02
3.913493752479553223e-01
-1.679220236837863922e-02
-1.182840019464492798e-02
9.181783199310302734e-01
3.155680856663930893e+09
4.209709912538528442e-02
6.416179984807968140e-02
4.928917065262794495e-02
-4.447658360004425049e-02
-9.995377622544765472e-03
1.003705263137817383e+00
-1.342638587951660156e+01
1.520937442779541016e+01
-4.695315933227539062e+01
9.839143676757812500e+02
3.911757469177246094e-01
-1.680828630924224854e-02
-1.183500979095697403e-02
9.182519912719726562e-01
3.155680856684182644e+09
2.257509678602218628e-01
3.627493977546691895e-03
-7.255236804485321045e-02
-4.200471192598342896e-02
-1.482819765806198120e-02
1.004034280776977539e+00
-1.342638587951660156e+01
1.520937442779541016e+01
-4.695315933227539062e+01
9.839143676757812500e+02
3.909988701343536377e-01
-1.680960506200790405e-02
-1.182338688522577286e-02
9.183274507522583008e-01
3.155680856704435349e+09
4.171304777264595032e-02
-1.175657734274864197e-01
-1.155913248658180237e-02
-3.967180103063583374e-02
-6.524167489260435104e-03
1.003257274627685547e+00
-1.269391727447509766e+01
1.557734870910644531e+01
-4.739619064331054688e+01
9.839143676757812500e+02
3.909641802310943604e-01
-1.680322177708148956e-02
-1.181328576058149338e-02
9.183424711227416992e-01
3.155680856724687576e+09
1.029833182692527771e-01
-1.781957745552062988e-01
-7.249413430690765381e-02
-4.107698798179626465e-02
-7.566980551928281784e-03
1.007097482681274414e+00
-1.269391727447509766e+01
1.557734870910644531e+01
-4.739619064331054688e+01
9.839126586914062500e+02
3.909650444984436035e-01
-1.680484041571617126e-02
-1.181597542017698288e-02
9.183420538902282715e-01
3.155680856744939804e+09
-8.091946691274642944e-02
3.866143524646759033e-03
-7.259912788867950439e-02
-3.911208361387252808e-02
-9.018393233418464661e-03
1.008481621742248535e+00
-1.270568084716796875e+01
1.630538940429687500e+01
-4.739176177978515625e+01
9.839126586914062500e+02
3.910097777843475342e-01
-1.679736189544200897e-02
-1.181316468864679337e-02
9.183230400085449219e-01
3.155680856765192509e+09
-1.970681920647621155e-02
-5.674523860216140747e-02
1.715351939201354980e-01
-4.388364031910896301e-02
-1.301441714167594910e-02
1.011803627014160156e+00
-1.270568084716796875e+01
1.630538940429687500e+01
-4.739176177978515625e+01
9.839126586914062500e+02
3.911136388778686523e-01
-1.679425872862339020e-02
-1.180830225348472595e-02
9.182790517807006836e-01
3.155680856785444736e+09
1.028041243553161621e-01
-1.777490079402923584e-01
-1.148159243166446686e-02
-4.059757292270660400e-02
-7.554091513156890869e-03
1.006610870361328125e+00
-1.270568084716796875e+01
1.630538940429687500e+01
-4.739176177978515625e+01
9.839126586914062500e+02
3.912310898303985596e-01
-1.677877083420753479e-02
-1.179682742804288864e-02
9.182294011116027832e-01
3.155680856805697441e+09
-1.968466117978096008e-02
-1.778168380260467529e-01
-7.256976515054702759e-02
-4.344728589057922363e-02
-1.342237647622823715e-02
1.006493568420410156e+00
-1.238660621643066406e+01
1.558041095733642578e+01
-4.784189224243164062e+01
9.839126586914062500e+02
3.913040757179260254e-01
-1.677741482853889465e-02
-1.181026268750429153e-02
9.181982278823852539e-01
3.155680856823418617e+09
4.142586886882781982e-02
-5.652746930718421936e-02
-1.158019993454217911e-02
-3.721438348293304443e-02
-1.181682385504245758e-02
1.001649498939514160e+00
-1.238660621643066406e+01
1.558041095733642578e+01
-4.784189224243164062e+01
9.839126586914062500e+02
3.913554549217224121e-01
-1.678559929132461548e-02
-1.179347839206457138e-02
9.181762933731079102e-01
3.155680856843670368e+09
4.143722355365753174e-02
4.101905971765518188e-03
1.714176535606384277e-01
-3.760216012597084045e-02
-8.597861975431442261e-03
1.014732241630554199e+00
-1.238660621643066406e+01
1.558041095733642578e+01
-4.784189224243164062e+01
9.839122924804687500e+02
3.913906216621398926e-01
-1.679220609366893768e-02
-1.180822588503360748e-02
9.181610941886901855e-01
3.155680856863922596e+09
-1.992646604776382446e-02
4.224728792905807495e-03
-1.150320842862129211e-02
-3.764060139656066895e-02
-9.504538029432296753e-03
1.009896159172058105e+00
-1.238660621643066406e+01
1.558041095733642578e+01
-4.784189224243164062e+01
9.839122924804687500e+02
3.914470374584197998e-01
-1.677969470620155334e-02
-1.179807912558317184e-02
9.181373119354248047e-01
3.155680856884175301e+09
-1.993414573371410370e-02
1.256076991558074951e-01
-1.158912386745214462e-02
-4.109606146812438965e-02
-7.540990132838487625e-03
1.005173087120056152e+00
-1.238660621643066406e+01
1.558041095733642578e+01
-4.784189224243164062e+01
9.839122924804687500e+02
3.915084004402160645e-01
-1.676948182284832001e-02
-1.179515197873115540e-02
9.181113243103027344e-01
3.155680856904427528e+09
4.120240733027458191e-02
-1.169620007276535034e-01
-1.167487353086471558e-02
-3.669175505638122559e-02
-1.090375427156686783e-02
1.006480097770690918e+00
-1.342205715179443359e+01
1.490844917297363281e+01
-4.740103149414062500e+01
9.839122924804687500e+02
3.913762867450714111e-01
-1.675689779222011566e-02
-1.177797745913267136e-02
9.181682467460632324e-01
3.155680856924679756e+09
4.119517281651496887e-02
4.268590360879898071e-03
-1.170296035706996918e-02
-3.964364901185035706e-02
-8.001144975423812866e-03
1.004663228988647461e+00
-1.342205715179443359e+01
1.490844917297363281e+01
-4.740103149414062500e+01
9.839140625000000000e+02
3.911695480346679688e-01
-1.676796376705169678e-02
-1.177436951547861099e-02
9.182560443878173828e-01
3.155680856944932461e+09
-1.425716280937194824e-01
4.314929246902465820e-03
4.923304170370101929e-02
-4.108145087957382202e-02
-6.601823493838310242e-03
1.007603645324707031e+00
-1.239191436767578125e+01
1.594200611114501953e+01
-4.739365005493164062e+01
9.839140625000000000e+02
3.910832107067108154e-01
-1.676395721733570099e-02
-1.178145967423915863e-02
9.182928204536437988e-01
3.155680856965184689e+09
-1.425599753856658936e-01
1.256785690784454346e-01
-1.166326925158500671e-02
-3.866960480809211731e-02
-5.118880420923233032e-03
1.008095026016235352e+00
-1.239191436767578125e+01
1.594200611114501953e+01
-4.739365005493164062e+01
9.839140625000000000e+02
3.911896347999572754e-01
-1.676136255264282227e-02
-1.178300380706787109e-02
9.182475209236145020e-01
3.155680856985437393e+09
1.639805287122726440e-01
1.254583448171615601e-01
-1.174876559525728226e-02
-4.780928790569305420e-02
-1.203541364520788193e-02
1.007542133331298828e+00
-1.239191436767578125e+01
1.594200611114501953e+01
-4.739365005493164062e+01
9.839140625000000000e+02
3.913076221942901611e-01
-1.677789352834224701e-02
-1.179089490324258804e-02
9.181968569755554199e-01
3.155680857005689621e+09
-1.992145366966724396e-02
6.478939950466156006e-02
1.711155623197555542e-01
-4.154240712523460388e-02
-8.558024652302265167e-03
1.008040189743041992e+00
-1.305259609222412109e+01
1.490921401977539062e+01
-4.740063858032226562e+01
9.839157714843750000e+02
3.911886513233184814e-01
-1.678365841507911682e-02
-1.179172936826944351e-02
9.182475209236145020e-01
3.155680857023410320e+09
-1.995463669300079346e-02
4.197776317596435547e-03
-1.182740181684494019e-02
-3.962457925081253052e-02
-8.027136325836181641e-03
1.006587624549865723e+00
-1.305259609222412109e+01
1.490921401977539062e+01
-4.740063858032226562e+01
9.839157714843750000e+02
3.910581469535827637e-01
-1.678348518908023834e-02
-1.178226247429847717e-02
9.183031320571899414e-01
3.155680857043662548e+09
-1.988530717790126801e-02
-1.774844527244567871e-01
4.914729297161102295e-02
-3.959717601537704468e-02
-1.190076395869255066e-02
1.005525469779968262e+00
-1.238603305816650391e+01
1.557798576354980469e+01
-4.739586257934570312e+01
9.839157714843750000e+02
3.909884989261627197e-01
-1.675820723176002502e-02
-1.177877094596624374e-02
9.183332920074462891e-01
3.155680857063914776e+09
-1.981610991060733795e-02
-5.608316883444786072e-02
-7.286610454320907593e-02
-3.911700099706649780e-02
-9.491224773228168488e-03
1.007506966590881348e+00
-1.238603305816650391e+01
1.557798576354980469e+01
-4.739586257934570312e+01
9.839157714843750000e+02
3.910597562789916992e-01
-1.674596220254898071e-02
-1.177587360143661499e-02
9.183032512664794922e-01
3.155680857084167480e+09
-8.117993175983428955e-02
-5.615174397826194763e-02
-1.337429583072662354e-01
-4.199874028563499451e-02
-1.100005395710468292e-02
1.008464217185974121e+00
-1.238603305816650391e+01
1.557798576354980469e+01
-4.739586257934570312e+01
9.839157714843750000e+02
3.911266028881072998e-01
-1.675160042941570282e-02
-1.176030561327934265e-02
9.182748794555664062e-01
3.155680857104419708e+09
1.025718599557876587e-01
-3.592092692852020264e-01
-1.946583092212677002e-01
-4.153362661600112915e-02
-1.096767000854015350e-02
1.006534337997436523e+00
-1.305692481994628906e+01
1.521013927459716797e+01
-4.695277023315429688e+01
9.839157714843750000e+02
3.910473585128784180e-01
-1.674199476838111877e-02
-1.173773221671581268e-02
9.183091521263122559e-01
3.155680857124672413e+09
4.122793674468994141e-02
-5.569902807474136353e-02
4.917015507817268372e-02
-3.818676993250846863e-02
-9.426458738744258881e-03
1.003647327423095703e+00
-1.305692481994628906e+01
1.521013927459716797e+01
-4.695277023315429688e+01
9.839174804687500000e+02
3.909593224525451660e-01
-1.672332361340522766e-02
-1.172609440982341766e-02
9.183470606803894043e-01
3.155680857144924641e+09
4.122057929635047913e-02
-1.163511425256729126e-01
4.918068647384643555e-02
-4.351177811622619629e-02
-6.141454912722110748e-03
1.007162094116210938e+00
-1.343284034729003906e+01
1.557581996917724609e+01
-4.739697265625000000e+01
9.839174804687500000e+02
3.908588886260986328e-01
-1.672769151628017426e-02
-1.172248646616935730e-02
9.183897376060485840e-01
3.155680857165177345e+09
-1.991173811256885529e-02
2.473604381084442139e-01
-7.279436290264129639e-02
-4.153362661600112915e-02
-1.096767000854015350e-02
1.006534337997436523e+00
-1.343284034729003906e+01
1.557581996917724609e+01
-4.739697265625000000e+01
9.839157714843750000e+02
3.907520174980163574e-01
-1.673942245543003082e-02
-1.174490526318550110e-02
9.184348583221435547e-01
3.155680857185429573e+09
4.147477075457572937e-02
-2.377501875162124634e-01
4.908698052167892456e-02
-3.763613477349281311e-02
-1.046969648450613022e-02
1.009389996528625488e+00
-1.343284034729003906e+01
1.557581996917724609e+01
-4.739697265625000000e+01
9.839157714843750000e+02
3.906566500663757324e-01
-1.673010177910327911e-02
-1.174430735409259796e-02
9.184754490852355957e-01
3.155680857205681801e+09
4.150535538792610168e-02
1.262091845273971558e-01
4.898279532790184021e-02
-4.016015678644180298e-02
-4.606741480529308319e-03
1.004756093025207520e+00
-1.201657199859619141e+01
1.557874965667724609e+01
-4.739547348022460938e+01
9.839174804687500000e+02
3.907949924468994141e-01
-1.672526448965072632e-02
-1.174225099384784698e-02
9.184167981147766113e-01
3.155680857223402500e+09
-8.114349842071533203e-02
-1.770001649856567383e-01
-1.189756020903587341e-02
-4.007077217102050781e-02
-8.564841002225875854e-03
1.009948253631591797e+00
-1.201657199859619141e+01
1.557874965667724609e+01
-4.739547348022460938e+01
9.839174804687500000e+02
3.909011483192443848e-01
-1.671564206480979919e-02
-1.173576619476079941e-02
9.183719158172607422e-01
3.155680857243654728e+09
-1.425455659627914429e-01
1.260528266429901123e-01
-1.338341683149337769e-01
-3.630618751049041748e-02
-5.967607721686363220e-03
1.001307368278503418e+00
-1.306223297119140625e+01
1.557173442840576172e+01
-4.650452423095703125e+01
9.839174804687500000e+02
3.909448981285095215e-01
-1.673626527190208435e-02
-1.175178308039903641e-02
9.183526039123535156e-01
3.155680857263907433e+09
1.026007682085037231e-01
-5.589717999100685120e-02
-1.191442366689443588e-02
-3.905607759952545166e-02
-1.293100696057081223e-02
1.010306000709533691e+00
-1.306223297119140625e+01
1.557173442840576172e+01
-4.650452423095703125e+01
9.839174804687500000e+02
3.909081220626831055e-01
-1.672812178730964661e-02
-1.175075117498636246e-02
9.183685183525085449e-01
3.155680857284159660e+09
1.025354340672492981e-01
1.259148865938186646e-01
1.099671721458435059e-01
-3.916839510202407837e-02
-6.064436864107847214e-03
1.005669951438903809e+00
-1.306223297119140625e+01
1.557173442840576172e+01
-4.650452423095703125e+01
9.839191894531250000e+02
3.908823430538177490e-01
-1.673652604222297668e-02
-1.174333970993757248e-02
9.183793067932128906e-01
3.155680857304412365e+09
-1.997193507850170135e-02
6.526351720094680786e-02
2.317340373992919922e-01
-4.109204560518264771e-02
-9.944138117134571075e-03
1.003186106681823730e+00
-1.238603305816650391e+01
1.557798576354980469e+01
-4.739586257934570312e+01
9.839191894531250000e+02
3.909640014171600342e-01
-1.672502048313617706e-02
-1.174657419323921204e-02
9.183448553085327148e-01
3.155680857324664593e+09
-8.116219192743301392e-02
6.523286551237106323e-02
-1.949649602174758911e-01
-4.397392645478248596e-02
-1.193229854106903076e-02
1.003649950027465820e+00
-1.238603305816650391e+01
1.557798576354980469e+01
-4.739586257934570312e+01
9.839174804687500000e+02
3.910078108310699463e-01
-1.672483794391155243e-02
-1.176069024950265884e-02
9.183259010314941406e-01
3.155680857344916821e+09
1.638107001781463623e-01
-2.379010617733001709e-01
1.098091676831245422e-01
-3.863206505775451660e-02
-7.088181562721729279e-03
1.009969472885131836e+00
-1.380172824859619141e+01
1.557263088226318359e+01
-4.695133972167968750e+01
9.839174804687500000e+02
3.909789621829986572e-01
-1.671925373375415802e-02
-1.173201203346252441e-02
9.183387160301208496e-01
3.155680857365169525e+09
1.024283766746520996e-01
4.722107201814651489e-03
-1.339785605669021606e-01
-3.760798275470733643e-02
-1.194667443633079529e-02
1.010795950889587402e+00
-1.380172824859619141e+01
1.557263088226318359e+01
-4.695133972167968750e+01
9.839191894531250000e+02
3.908033370971679688e-01
-1.672523282468318939e-02
-1.173643674701452255e-02
9.184132814407348633e-01
3.155680857385421753e+09
4.120007902383804321e-02
1.261989921331405640e-01
-1.203940156847238541e-02
-3.718858584761619568e-02
-5.618021823465824127e-03
1.010471701622009277e+00
-1.201011753082275391e+01
1.521230411529541016e+01
-4.695166015625000000e+01
9.839191894531250000e+02
3.906933963298797607e-01
-1.671459712088108063e-02
-1.172161009162664413e-02
9.184604287147521973e-01
3.155680857405674458e+09
1.025293320417404175e-01
-1.161818653345108032e-01
4.897397011518478394e-02
-3.960565850138664246e-02
-8.532458916306495667e-03
1.008018493652343750e+00
-1.201011753082275391e+01
1.521230411529541016e+01
-4.695166015625000000e+01
9.839208984375000000e+02
3.907496333122253418e-01
-1.670389436185359955e-02
-1.173022110015153885e-02
9.184366464614868164e-01
3.155680857423394680e+09
-3.263400197029113770e-01
-3.588281273841857910e-01
4.905773699283599854e-02
-4.295802861452102661e-02
-1.246382296085357666e-02
1.007956504821777344e+00
-1.201011753082275391e+01
1.521230411529541016e+01
-4.695166015625000000e+01
9.839208984375000000e+02
3.908143937587738037e-01
-1.669766195118427277e-02
-1.173956878483295441e-02
9.184090495109558105e-01
3.155680857443647385e+09
4.153676331043243408e-02
6.575116515159606934e-02
1.708819270133972168e-01
-4.254324734210968018e-02
-5.649343132972717285e-03
1.007644891738891602e+00
-1.306395149230957031e+01
1.557901000976562500e+01
-4.784260940551757812e+01
9.839226074218750000e+02
3.908413648605346680e-01
-1.669565215706825256e-02
-1.174128334969282150e-02
9.183975458145141602e-01
3.155680857463899612e+09
-1.965411566197872162e-02
6.571942567825317383e-02
4.898390918970108032e-02
-3.966673463582992554e-02
-5.572006106376647949e-03
1.004725694656372070e+00
-1.306395149230957031e+01
1.557901000976562500e+01
-4.784260940551757812e+01
9.839226074218750000e+02
3.907837867736816406e-01
-1.669505238533020020e-02
-1.175431068986654282e-02
9.184219837188720703e-01
3.155680857484152317e+09
4.173174127936363220e-02
6.576374173164367676e-02
-1.195009984076023102e-02
-3.864742070436477661e-02
-1.042400021106004715e-02
1.005070924758911133e+00
-1.269391727447509766e+01
1.557734870910644531e+01
-4.739619064331054688e+01
9.839260864257812500e+02
3.907280266284942627e-01
-1.668767072260379791e-02
-1.177275367081165314e-02
9.184455275535583496e-01
3.155680857504404545e+09
-2.034498602151870728e-01
-1.161300390958786011e-01
-1.948506385087966919e-01
-4.107683897018432617e-02
-7.087651174515485764e-03
1.007591128349304199e+00
-1.269391727447509766e+01
1.557734870910644531e+01
-4.739619064331054688e+01
9.839260864257812500e+02
3.907331228256225586e-01
-1.668166741728782654e-02
-1.177764590829610825e-02
9.184433817863464355e-01
3.155680857524656773e+09
-1.944871805608272552e-02
6.564287841320037842e-02
-1.338183283805847168e-01
-4.295371472835540771e-02
-1.390831079334020615e-02
1.006956696510314941e+00
-1.269391727447509766e+01
1.557734870910644531e+01
-4.739619064331054688e+01
9.839277954101562500e+02
3.907323777675628662e-01
-1.669330336153507233e-02
-1.180149428546428680e-02
9.184432625770568848e-01
3.155680857544909477e+09
1.645905226469039917e-01
4.819374531507492065e-03
-7.280537486076354980e-02
-4.160453379154205322e-02
-8.952883072197437286e-03
1.001292109489440918e+00
-1.268746376037597656e+01
1.521090316772460938e+01
-4.695237731933593750e+01
9.839277954101562500e+02
3.907133638858795166e-01
-1.670046709477901459e-02
-1.181286852806806564e-02
9.184511303901672363e-01
3.155680857565161705e+09
-2.030918002128601074e-01
1.865740716457366943e-01
-2.555914223194122314e-01
-4.009029269218444824e-02
-9.976839646697044373e-03
1.006543040275573730e+00
-1.268746376037597656e+01
1.521090316772460938e+01
-4.695237731933593750e+01
9.839277954101562500e+02
3.906787931919097900e-01
-1.670557260513305664e-02
-1.181325316429138184e-02
9.184657335281372070e-01
3.155680857585414410e+09
-1.419377774000167847e-01
-2.381819784641265869e-01
4.937317967414855957e-02
-4.253060370683670044e-02
-1.094146724790334702e-02
1.003658652305603027e+00
-1.269979858398437500e+01
1.594136905670166016e+01
-4.739397430419921875e+01
9.839277954101562500e+02
3.906529843807220459e-01
-1.672719791531562805e-02
-1.181538961827754974e-02
9.184761643409729004e-01
3.155680857605666161e+09
-1.936998590826988220e-02
1.257973611354827881e-01
4.934486374258995056e-02
-4.206950217485427856e-02
-8.505935780704021454e-03
1.003715634346008301e+00
-1.269979858398437500e+01
1.594136905670166016e+01
-4.739397430419921875e+01
9.839277954101562500e+02
3.907233476638793945e-01
-1.672867313027381897e-02
-1.181158237159252167e-02
9.184462428092956543e-01
3.155680857623387337e+09
-1.419044286012649536e-01
1.863701343536376953e-01
-7.257690280675888062e-02
-3.818571567535400391e-02
-6.071147043257951736e-03
1.007102370262145996e+00
-1.269979858398437500e+01
1.594136905670166016e+01
-4.739397430419921875e+01
9.839277954101562500e+02
3.907874524593353271e-01
-1.672814786434173584e-02
-1.181180495768785477e-02
9.184190630912780762e-01
3.155680857643639565e+09
1.032402440905570984e-01
1.253767311573028564e-01
4.930382221937179565e-02
-4.055109620094299316e-02
-1.145371142774820328e-02
1.007473230361938477e+00
-1.201657199859619141e+01
1.557874965667724609e+01
-4.739547348022460938e+01
9.839277954101562500e+02
3.908770382404327393e-01
-1.675577834248542786e-02
-1.183412037789821625e-02
9.183800816535949707e-01
3.155680857663891792e+09
-1.936498656868934631e-02
-2.387952804565429688e-01
4.935225844383239746e-02
-3.678514808416366577e-02
-4.542506299912929535e-03
1.003274679183959961e+00
-1.201657199859619141e+01
1.557874965667724609e+01
-4.739547348022460938e+01
9.839277954101562500e+02
3.910032808780670166e-01
-1.676419563591480255e-02
-1.183458231389522552e-02
9.183261990547180176e-01
3.155680857684144497e+09
4.188561439514160156e-02
3.830183297395706177e-03
1.101733297109603882e-01
-4.253968596458435059e-02
-9.490480646491050720e-03
1.004177093505859375e+00
-1.343284034729003906e+01
1.557581996917724609e+01
-4.739697265625000000e+01
9.839277954101562500e+02
3.910957574844360352e-01
-1.676762662827968597e-02
-1.184140704572200775e-02
9.182866811752319336e-01
3.155680857704396725e+09
-1.940224319696426392e-02
6.442226469516754150e-02
1.100880578160285950e-01
-3.574661165475845337e-02
-8.941161446273326874e-03
1.006038069725036621e+00
-1.343284034729003906e+01
1.557581996917724609e+01
-4.739697265625000000e+01
9.839295654296875000e+02
3.909945785999298096e-01
-1.677427627146244049e-02
-1.184242963790893555e-02
9.183295965194702148e-01
3.155680857724649429e+09
1.032425239682197571e-01
-1.174302399158477783e-01
1.099647507071495056e-01
-4.347006976604461670e-02
-1.003457792103290558e-02
1.007543206214904785e+00
-1.343284034729003906e+01
1.557581996917724609e+01
-4.739697265625000000e+01
9.839295654296875000e+02
3.908798098564147949e-01
-1.677129417657852173e-02
-1.185696106404066086e-02
9.183783531188964844e-01
3.155680857744901657e+09
-1.419973224401473999e-01
3.877591341733932495e-03
1.098801046609878540e-01
-3.817618265748023987e-02
-6.084143649786710739e-03
1.008064627647399902e+00
-1.306337928771972656e+01
1.557658481597900391e+01
-4.739657974243164062e+01
9.839254760742187500e+02
3.908167779445648193e-01
-1.677899993956089020e-02
-1.185833476483821869e-02
9.184049963951110840e-01
3.155680857765153408e+09
-8.076600730419158936e-02
-5.665761232376098633e-02
-2.560081481933593750e-01
-4.201273992657661438e-02
-1.002190075814723969e-02
1.008008122444152832e+00
-1.306337928771972656e+01
1.557658481597900391e+01
-4.739657974243164062e+01
9.839254760742187500e+02
3.907580375671386719e-01
-1.677212119102478027e-02
-1.186172943562269211e-02
9.184300303459167480e-01
3.155680857785406113e+09
4.185978323221206665e-02
1.253656595945358276e-01
1.098642945289611816e-01
-4.301448911428451538e-02
-9.989198297262191772e-03
1.004651188850402832e+00
-1.165299224853515625e+01
1.594353485107421875e+01
-4.739286804199218750e+01
9.839271850585937500e+02
3.907708525657653809e-01
-1.677333936095237732e-02
-1.187435910105705261e-02
9.184244275093078613e-01
3.155680857805658340e+09
4.188929498195648193e-02
3.942724317312240601e-03
-1.339043825864791870e-01
-4.108682647347450256e-02
-8.512645959854125977e-03
1.005148053169250488e+00
-1.165299224853515625e+01
1.594353485107421875e+01
-4.739286804199218750e+01
9.839271850585937500e+02
3.909859955310821533e-01
-1.678166911005973816e-02
-1.189126353710889816e-02
9.183325767517089844e-01
3.155680857823379517e+09
4.193188995122909546e-02
2.465880066156387329e-01
-7.291404157876968384e-02
-3.906947374343872070e-02
-1.003553345799446106e-02
1.011824369430541992e+00
-1.165299224853515625e+01
1.594353485107421875e+01
-4.739286804199218750e+01
9.839271850585937500e+02
3.911865055561065674e-01
-1.677894592285156250e-02
-1.190001890063285828e-02
9.182470440864562988e-01
3.155680857843631744e+09
1.645574122667312622e-01
-1.778239160776138306e-01
-1.199640426784753799e-02
-3.721839562058448792e-02
-9.413676336407661438e-03
1.003636479377746582e+00
-1.305807018280029297e+01
1.521498966217041016e+01
-4.784482574462890625e+01
9.839271850585937500e+02
3.911646604537963867e-01
-1.676408387720584869e-02
-1.189824938774108887e-02
9.182566404342651367e-01
3.155680857863884449e+09
-1.419036239385604858e-01
-1.170232519507408142e-01
-1.340475082397460938e-01
-3.913547098636627197e-02
-7.547913119196891785e-03
1.007556915283203125e+00
-1.305807018280029297e+01
1.521498966217041016e+01
-4.784482574462890625e+01
9.839271850585937500e+02
3.910568058490753174e-01
-1.675142161548137665e-02
-1.190007850527763367e-02
9.183028340339660645e-01
3.155680857884136677e+09
-1.922041550278663635e-02
-1.775975674390792847e-01
-7.307217270135879517e-02
-4.195271804928779602e-02
-1.633766293525695801e-02
1.007845640182495117e+00
-1.268860912322998047e+01
1.521575355529785156e+01
-4.784443283081054688e+01
9.839271850585937500e+02
3.909522593021392822e-01
-1.674812100827693939e-02
-1.191185135394334793e-02
9.183471798896789551e-01
3.155680857904389381e+09
3.483854234218597412e-01
-5.600556731224060059e-02
1.099652647972106934e-01
-3.524260222911834717e-02
-6.564110517501831055e-03
1.010424971580505371e+00
-1.268860912322998047e+01
1.521575355529785156e+01
-4.784443283081054688e+01
9.839254760742187500e+02
3.909190595149993896e-01
-1.672522537410259247e-02
-1.187443453818559647e-02
9.183622598648071289e-01
3.155680857924641132e+09
-8.063325285911560059e-02
2.472003698348999023e-01
-1.948442906141281128e-01
-4.153347015380859375e-02
-1.048834063112735748e-02
1.007027983665466309e+00
-1.268860912322998047e+01
1.521575355529785156e+01
-4.784443283081054688e+01
9.839254760742187500e+02
3.908424377441406250e-01
-1.673392578959465027e-02
-1.189996115863323212e-02
9.183944463729858398e-01
3.155680857944893360e+09
-8.066167682409286499e-02
6.517443060874938965e-02
4.917602241039276123e-02
-3.866142407059669495e-02
-9.445846080780029297e-03
1.004614830017089844e+00
-1.268256187438964844e+01
1.490755271911621094e+01
-4.695422363281250000e+01
9.839254760742187500e+02
3.907459378242492676e-01
-1.673956029117107391e-02
-1.190484873950481415e-02
9.184353351593017578e-01
3.155680857965145588e+09
4.194469749927520752e-02
-5.611641332507133484e-02
-7.272261381149291992e-02
-3.717071935534477234e-02
-9.478654712438583374e-03
1.008447527885437012e+00
-1.268256187438964844e+01
1.490755271911621094e+01
-4.695422363281250000e+01
9.839254760742187500e+02
3.906619548797607422e-01
-1.673088222742080688e-02
-1.189793366938829422e-02
9.184712171554565430e-01
3.155680857985398293e+09
-2.031990587711334229e-01
-2.379519045352935791e-01
-1.178640406578779221e-02
-4.161362349987030029e-02
-7.501896936446428299e-03
1.001810669898986816e+00
-1.165356445312500000e+01
1.594596004486083984e+01
-4.783889770507812500e+01
9.839254760742187500e+02
3.906846642494201660e-01
-1.672612689435482025e-02
-1.190914306789636612e-02
9.184615015983581543e-01
3.155680858005650520e+09
4.177241399884223938e-02
6.525401771068572998e-02
2.319274246692657471e-01
-4.112391546368598938e-02
-5.105352960526943207e-03
1.004754424095153809e+00
-1.165356445312500000e+01
1.594596004486083984e+01
-4.783889770507812500e+01
9.839254760742187500e+02
3.909287750720977783e-01
-1.674135215580463409e-02
-1.190106477588415146e-02
9.183574318885803223e-01
3.155680858023371696e+09
-1.954046636819839478e-02
-1.773910820484161377e-01
-1.948141902685165405e-01
-3.814386203885078430e-02
-9.484939277172088623e-03
1.007977247238159180e+00
-1.165356445312500000e+01
1.594596004486083984e+01
-4.783889770507812500e+01
9.839254760742187500e+02
3.911201059818267822e-01
-1.674095168709754944e-02
-1.190518680959939957e-02
9.182759523391723633e-01
3.155680858043624401e+09
-1.947222650051116943e-02
-5.578038096427917480e-02
1.711151450872421265e-01
-3.766860812902450562e-02
-7.548230700194835663e-03
1.008983850479125977e+00
-1.343284034729003906e+01
1.557581996917724609e+01
-4.739697265625000000e+01
9.839254760742187500e+02
3.910502791404724121e-01
-1.671810075640678406e-02
-1.190485525876283646e-02
9.183062314987182617e-01
3.155680858063876629e+09
-1.419809758663177490e-01
-5.579235777258872986e-02
-7.290294766426086426e-02
-4.202227294445037842e-02
-1.000890322029590607e-02
1.007045865058898926e+00
-1.343284034729003906e+01
1.557581996917724609e+01
-4.739697265625000000e+01
9.839271850585937500e+02
3.909420669078826904e-01
-1.672159880399703979e-02
-1.191521994769573212e-02
9.183520674705505371e-01
3.155680858084128857e+09
-1.920140720903873444e-02
-1.163489297032356262e-01
1.100574955344200134e-01
-4.054141044616699219e-02
-1.098737586289644241e-02
1.008929014205932617e+00
-1.269449043273925781e+01
1.557977390289306641e+01
-4.784222030639648438e+01
9.839271850585937500e+02
3.908772766590118408e-01
-1.671676337718963623e-02
-1.192176714539527893e-02
9.183796644210815430e-01
3.155680858104381084e+09
4.212581366300582886e-02
-2.372980117797851562e-01
4.900845885276794434e-02
-3.904548659920692444e-02
-9.588692337274551392e-03
1.014723539352416992e+00
-1.269449043273925781e+01
1.557977390289306641e+01
-4.784222030639648438e+01
9.839288940429687500e+02
3.908895850181579590e-01
-1.669584214687347412e-02
-1.191085018217563629e-02
9.183748364448547363e-01
3.155680858124633312e+09
4.202008619904518127e-02
2.480538487434387207e-01
-7.296624779701232910e-02
-3.522920235991477966e-02
-9.459584951400756836e-03
1.008906841278076172e+00
-1.269449043273925781e+01
1.557977390289306641e+01
-4.784222030639648438e+01
9.839288940429687500e+02
3.909019827842712402e-01
-1.668892055749893188e-02
-1.189858093857765198e-02
9.183698296546936035e-01
3.155680858144885540e+09
-8.064307272434234619e-02
1.267226785421371460e-01
-1.204864867031574249e-02
-3.960058838129043579e-02
-7.580295205116271973e-03
1.009486675262451172e+00
-1.128353118896484375e+01
1.594429874420166016e+01
-4.739247512817382812e+01
9.839306030273437500e+02
3.911611735820770264e-01
-1.669179089367389679e-02
-1.190413627773523331e-02
9.182594418525695801e-01
3.155680858165138245e+09
-1.419501900672912598e-01
5.410671234130859375e-03
1.097375899553298950e-01
-4.098805785179138184e-02
-1.296307239681482315e-02
1.010808944702148438e+00
-1.128353118896484375e+01
1.594429874420166016e+01
-4.739247512817382812e+01
9.839306030273437500e+02
3.914740979671478271e-01
-1.668572798371315002e-02
-1.190338004380464554e-02
9.181261062622070312e-01
3.155680858185390472e+09
-1.928604766726493835e-02
5.568355321884155273e-03
-1.229384355247020721e-02
-4.546282812952995300e-02
-6.147527601569890976e-03
1.005740523338317871e+00
-1.305692481994628906e+01
1.521013927459716797e+01
-4.695277023315429688e+01
9.839288940429687500e+02
3.915766477584838867e-01
-1.667242310941219330e-02
-1.190005149692296982e-02
9.180826544761657715e-01
3.155680858205643177e+09
-1.902618631720542908e-02
-1.157250702381134033e-01
-1.226298604160547256e-02
-3.961087390780448914e-02
-9.963950142264366150e-03
1.006056427955627441e+00
-1.305692481994628906e+01
1.521013927459716797e+01
-4.695277023315429688e+01
9.839288940429687500e+02
3.914706408977508545e-01
-1.667120866477489471e-02
-1.190970372408628464e-02
9.181277751922607422e-01
3.155680858223364353e+09
4.219828918576240540e-02
-5.479303002357482910e-02
1.705988198518753052e-01
-4.200350865721702576e-02
-1.099355611950159073e-02
1.007983088493347168e+00
-1.305692481994628906e+01
1.521013927459716797e+01
-4.695277023315429688e+01
9.839306030273437500e+02
3.913751542568206787e-01
-1.666434854269027710e-02
-1.190198399126529694e-02
9.181686639785766602e-01
3.155680858243616581e+09
4.215013608336448669e-02
6.003398448228836060e-03
1.097040027379989624e-01
-4.396735131740570068e-02
-6.186833605170249939e-03
1.010054111480712891e+00
-1.237957859039306641e+01
1.521154022216796875e+01
-4.695205307006835938e+01
9.839306030273437500e+02
3.913671672344207764e-01
-1.666348613798618317e-02
-1.188418362289667130e-02
9.181723594665527344e-01
3.155680858263868332e+09
-1.418498605489730835e-01
5.778890103101730347e-03
1.096008270978927612e-01
-4.396348446607589722e-02
-9.069313295185565948e-03
1.007573604583740234e+00
-1.237957859039306641e+01
1.521154022216796875e+01
-4.695205307006835938e+01
9.839288940429687500e+02
3.913769721984863281e-01
-1.667890511453151703e-02
-1.188418176025152206e-02
9.181678891181945801e-01
3.155680858284120560e+09
2.256791591644287109e-01
3.088293969631195068e-01
4.872525483369827271e-02
-4.457535594701766968e-02
-5.544953048229217529e-03
9.980444312095642090e-01
-1.269391727447509766e+01
1.557734870910644531e+01
-4.739619064331054688e+01
9.839288940429687500e+02
3.913735747337341309e-01
-1.670251414179801941e-02
-1.187448482960462570e-02
9.181691408157348633e-01
3.155680858304373264e+09
2.255930155515670776e-01
5.512786507606506348e-01
1.706268042325973511e-01
-4.800637066364288330e-02
-1.696571707725524902e-03
9.977012276649475098e-01
-1.269391727447509766e+01
1.557734870910644531e+01
-4.739619064331054688e+01
9.839306030273437500e+02
3.913835585117340088e-01
-1.671610027551651001e-02
-1.187423337250947952e-02
9.181645512580871582e-01
3.155680858324625492e+09
-3.259832262992858887e-01
6.603273749351501465e-02
4.859552532434463501e-02
-4.544601216912269592e-02
-1.336347218602895737e-02
1.000260949134826660e+00
-1.269391727447509766e+01
1.557734870910644531e+01
-4.739619064331054688e+01
9.839306030273437500e+02
3.913807868957519531e-01
-1.671944372355937958e-02
-1.189010124653577805e-02
9.181655049324035645e-01
3.155680858344878197e+09
-8.081901073455810547e-02
-5.514626204967498779e-02
-1.252884138375520706e-02
-4.056063294410705566e-02
-1.144071482121944427e-02
1.006510972976684570e+00
-1.238660621643066406e+01
1.558041095733642578e+01
-4.784189224243164062e+01
9.839288940429687500e+02
3.914469778537750244e-01
-1.669834181666374207e-02
-1.188480481505393982e-02
9.181376695632934570e-01
3.155680858365130424e+09
1.030279844999313354e-01
-1.763252168893814087e-01
-1.257385965436697006e-02
-4.298543184995651245e-02
-8.590194396674633026e-03
1.009018540382385254e+00
-1.238660621643066406e+01
1.558041095733642578e+01
-4.784189224243164062e+01
9.839288940429687500e+02
3.915003240108489990e-01
-1.668888702988624573e-02
-1.187976915389299393e-02
9.181151986122131348e-01
3.155680858385383129e+09
2.867981195449829102e-01
6.119197010993957520e-01
-1.248485967516899109e-02
-4.356437176465988159e-02
-6.549309939146041870e-03
1.001376271247863770e+00
-1.238603305816650391e+01
1.557798576354980469e+01
-4.739586257934570312e+01
9.839288940429687500e+02
3.915367424488067627e-01
-1.671642623841762543e-02
-1.188980042934417725e-02
9.180990457534790039e-01
3.155680858405635357e+09
1.027031093835830688e-01
1.265217363834381104e-01
1.094364598393440247e-01
-4.268242046236991882e-02
-8.336885832250118256e-03
9.907311797142028809e-01
-1.238603305816650391e+01
1.557798576354980469e+01
-4.739586257934570312e+01
9.839288940429687500e+02
3.916002511978149414e-01
-1.672798767685890198e-02
-1.187417749315500259e-02
9.180719852447509766e-01
3.155680858423355579e+09
3.476889133453369141e-01
1.872639656066894531e-01
-7.358153164386749268e-02
-4.504895210266113281e-02
-2.209028229117393494e-03
1.002467274665832520e+00
-1.238603305816650391e+01
1.557798576354980469e+01
-4.739586257934570312e+01
9.839288940429687500e+02
3.916561901569366455e-01
-1.672779954969882965e-02
-1.185365952551364899e-02
9.180484414100646973e-01
3.155680858443608284e+09
-1.427609622478485107e-01
1.266679316759109497e-01
-1.344757080078125000e-01
-3.966628387570381165e-02
-4.134014248847961426e-03
1.006206393241882324e+00
-1.305749702453613281e+01
1.521256446838378906e+01
-4.739879608154296875e+01
9.839288940429687500e+02
3.915452063083648682e-01
-1.672586053609848022e-02
-1.184172648936510086e-02
9.180958867073059082e-01
3.155680858463860512e+09
1.024434491991996765e-01
1.266165077686309814e-01
-1.257339213043451309e-02
-3.763689100742340088e-02
-1.286634709686040878e-02
1.006922006607055664e+00
-1.305749702453613281e+01
1.521256446838378906e+01
-4.739879608154296875e+01
9.839306030273437500e+02
3.914446830749511719e-01
-1.672157086431980133e-02
-1.184117328375577927e-02
9.181388616561889648e-01
3.155680858484113216e+09
4.117674008011817932e-02
1.874142587184906006e-01
1.703504621982574463e-01
-3.907424211502075195e-02
-1.002903562039136887e-02
1.011343359947204590e+00
-1.269391727447509766e+01
1.557734870910644531e+01
-4.739619064331054688e+01
9.839306030273437500e+02
3.913922905921936035e-01
-1.671801134943962097e-02
-1.185425370931625366e-02
9.181611537933349609e-01
3.155680858504365444e+09
1.637272834777832031e-01
5.443405359983444214e-03
4.845394194126129150e-02
-3.809738531708717346e-02
-1.338455826044082642e-02
1.008839368820190430e+00
-1.269391727447509766e+01
1.557734870910644531e+01
-4.739619064331054688e+01
9.839306030273437500e+02
3.913912773132324219e-01
-1.671779341995716095e-02
-1.185396127402782440e-02
9.181615114212036133e-01
3.155680858524618149e+09
-8.141436427831649780e-02
1.873869597911834717e-01
1.702604442834854126e-01
-4.103588312864303589e-02
-1.337742246687412262e-02
1.005504250526428223e+00
-1.201657199859619141e+01
1.557874965667724609e+01
-4.739547348022460938e+01
9.839306030273437500e+02
3.914064168930053711e-01
-1.672659069299697876e-02
-1.186996325850486755e-02
9.181545972824096680e-01
3.155680858544870377e+09
-1.426618844270706177e-01
1.874114423990249634e-01
1.092324852943420410e-01
-4.064374417066574097e-02
-2.695811912417411804e-03
1.006735801696777344e+00
-1.201657199859619141e+01
1.557874965667724609e+01
-4.739547348022460938e+01
9.839306030273437500e+02
3.915313780307769775e-01
-1.672709733247756958e-02
-1.186533737927675247e-02
9.181014895439147949e-01
3.155680858565122604e+09
-2.038325071334838867e-01
6.602307409048080444e-02
1.702094078063964844e-01
-4.056093096733093262e-02
-1.239937543869018555e-02
1.005523800849914551e+00
-1.201657199859619141e+01
1.557874965667724609e+01
-4.739547348022460938e+01
9.839306030273437500e+02
3.916489481925964355e-01
-1.672524027526378632e-02
-1.187493465840816498e-02
9.180513024330139160e-01
3.155680858585375309e+09
-1.425613760948181152e-01
-1.765114665031433105e-01
4.814086109399795532e-02
-4.350746050477027893e-02
-7.585943210870027542e-03
1.006162285804748535e+00
-1.239134216308593750e+01
1.593958091735839844e+01
-4.694762420654296875e+01
9.839323120117187500e+02
3.917517960071563721e-01
-1.671902462840080261e-02
-1.188662555068731308e-02
9.180072546005249023e-01
3.155680858605627537e+09
4.703348278999328613e-01
3.696697950363159180e-01
-1.347766369581222534e-01
-4.107267037034034729e-02
-9.011468850076198578e-03
1.006097674369812012e+00
-1.239134216308593750e+01
1.593958091735839844e+01
-4.694762420654296875e+01
9.839323120117187500e+02
3.918694257736206055e-01
-1.669145934283733368e-02
-1.186949480324983597e-02
9.179577827453613281e-01
3.155680858623348236e+09
2.866770625114440918e-01
2.484732270240783691e-01
-1.276282500475645065e-02
-3.594328090548515320e-02
-1.988918334245681763e-02
1.024531722068786621e+00
-1.238603305816650391e+01
1.557798576354980469e+01
-4.739586257934570312e+01
9.839323120117187500e+02
3.919495344161987305e-01
-1.667251996695995331e-02
-1.188828609883785248e-02
9.179237484931945801e-01
3.155680858643600464e+09
2.866885364055633545e-01
6.634947657585144043e-02
-7.375214248895645142e-02
-3.957243263721466064e-02
-9.057274088263511658e-03
1.010892629623413086e+00
-1.238603305816650391e+01
1.557798576354980469e+01
-4.739586257934570312e+01
9.839323120117187500e+02
3.919921219348907471e-01
-1.669340953230857849e-02
-1.189558766782283783e-02
9.179051518440246582e-01
3.155680858663853168e+09
2.867190539836883545e-01
-5.496307089924812317e-02
4.820820689201354980e-02
-4.303802549839019775e-02
-8.998048491775989532e-03
1.003232717514038086e+00
-1.238603305816650391e+01
1.557798576354980469e+01
-4.739586257934570312e+01
9.839323120117187500e+02
3.920148313045501709e-01
-1.670344732701778412e-02
-1.191974524408578873e-02
9.178948402404785156e-01
3.155680858684105396e+09
-2.037122249603271484e-01
6.664463877677917480e-02
-1.280036754906177521e-02
-4.056048393249511719e-02
-1.096138451248407364e-02
1.007004618644714355e+00
-1.269334506988525391e+01
1.557492351531982422e+01
-4.695016479492187500e+01
9.839323120117187500e+02
3.920166194438934326e-01
-1.669986546039581299e-02
-1.192295644432306290e-02
9.178941845893859863e-01
3.155680858704357624e+09
-1.994134858250617981e-02
-1.757769286632537842e-01
4.823407158255577087e-02
-3.663468733429908752e-02
-1.146105956286191940e-02
1.011759757995605469e+00
-1.269334506988525391e+01
1.557492351531982422e+01
-4.695016479492187500e+01
9.839340209960937500e+02
3.920314311981201172e-01
-1.668456383049488068e-02
-1.189456321299076080e-02
9.178885221481323242e-01
3.155680858724610329e+09
2.864258885383605957e-01
5.520363450050354004e-01
-1.271721161901950836e-02
-4.208275303244590759e-02
-5.131131038069725037e-03
1.005727529525756836e+00
-1.269979858398437500e+01
1.594136905670166016e+01
-4.739397430419921875e+01
9.839340209960937500e+02
3.920744061470031738e-01
-1.667580567300319672e-02
-1.186587288975715637e-02
9.178707003593444824e-01
3.155680858744862556e+09
-8.113922923803329468e-02
2.490699440240859985e-01
-1.264699641615152359e-02
-4.897442087531089783e-02
-8.130485191941261292e-03
1.040866971015930176e+00
-1.269979858398437500e+01
1.594136905670166016e+01
-4.739397430419921875e+01
9.839340209960937500e+02
3.921238481998443604e-01
-1.665524020791053772e-02
-1.186876092106103897e-02
9.178498983383178711e-01
3.155680858765115261e+09
-1.674647212028503418e+00
-1.510145187377929688e+00
-1.346008777618408203e-01
-3.843839094042778015e-02
-1.310655381530523300e-02
1.023771524429321289e+00
-1.269979858398437500e+01
1.594136905670166016e+01
-4.739397430419921875e+01
9.839358520507812500e+02
3.921899795532226562e-01
-1.666173897683620453e-02
-1.187052018940448761e-02
9.178214073181152344e-01
3.155680858785367489e+09
-1.490511059761047363e+00
-1.267582893371582031e+00
-7.354754209518432617e-02
-3.611923754215240479e-02
-1.821077428758144379e-02
1.008211731910705566e+00
-1.342695903778076172e+01
1.521179962158203125e+01
-4.739918518066406250e+01
9.839358520507812500e+02
3.920775055885314941e-01
-1.664138399064540863e-02
-1.188697386533021927e-02
9.178696274757385254e-01
3.155680858805620193e+09
-6.322887539863586426e-01
-2.972295284271240234e-01
1.092614755034446716e-01
-3.862342983484268188e-02
-9.977159090340137482e-03
1.007970094680786133e+00
-1.342695903778076172e+01
1.521179962158203125e+01
-4.739918518066406250e+01
9.839358520507812500e+02
3.919119834899902344e-01
-1.665338687598705292e-02
-1.189676485955715179e-02
9.179399013519287109e-01
3.155680858823340416e+09
4.709268510341644287e-01
6.735827326774597168e-01
-1.271543372422456741e-02
-3.390195965766906738e-02
-1.358543802052736282e-02
9.919393062591552734e-01
-1.269979858398437500e+01
1.594136905670166016e+01
-4.739397430419921875e+01
9.839358520507812500e+02
3.918328881263732910e-01
-1.662387326359748840e-02
-1.187265012413263321e-02
9.179745912551879883e-01
3.155680858843593121e+09
1.022773981094360352e+00
1.522389769554138184e+00
-1.345925927162170410e-01
-3.335132449865341187e-02
-1.462867669761180878e-02
9.976822733879089355e-01
-1.269979858398437500e+01
1.594136905670166016e+01
-4.739397430419921875e+01
9.839358520507812500e+02
3.918913900852203369e-01
-1.663384772837162018e-02
-1.189155876636505127e-02
9.179492592811584473e-01
3.155680858863845348e+09
1.451793432235717773e+00
1.461583256721496582e+00
2.921496629714965820e-01
-4.199517518281936646e-02
-1.484119333326816559e-02
1.004996538162231445e+00
-1.269979858398437500e+01
1.594136905670166016e+01
-4.739397430419921875e+01
9.839358520507812500e+02
3.919197916984558105e-01
-1.665307953953742981e-02
-1.192461606115102768e-02
9.179362654685974121e-01
3.155680858884097576e+09
8.998895883560180664e-01
6.731569766998291016e-01
1.091362386941909790e-01
-4.162149876356124878e-02
-2.216269262135028839e-03
1.006278038024902344e+00
-1.306337928771972656e+01
1.557658481597900391e+01
-4.739657974243164062e+01
9.839358520507812500e+02
3.918895721435546875e-01
-1.665908843278884888e-02
-1.190644502639770508e-02
9.179494380950927734e-01
3.155680858904350281e+09
1.029478386044502258e-01
-5.459186434745788574e-02
4.812780022621154785e-02
-4.061483591794967651e-02
-1.776138320565223694e-03
1.010609626770019531e+00
-1.306337928771972656e+01
1.557658481597900391e+01
-4.739657974243164062e+01
9.839358520507812500e+02
3.918407857418060303e-01
-1.665011234581470490e-02
-1.189028657972812653e-02
9.179704785346984863e-01
3.155680858924602509e+09
4.148742929100990295e-02
5.994509905576705933e-03
1.091050058603286743e-01
-3.614960238337516785e-02
-8.578686974942684174e-03
1.014715909957885742e+00
-1.269979858398437500e+01
1.594136905670166016e+01
-4.739397430419921875e+01
9.839358520507812500e+02
3.918310701847076416e-01
-1.665089279413223267e-02
-1.188042387366294861e-02
9.179748892784118652e-01
3.155680858944855213e+09
2.865565717220306396e-01
6.669559329748153687e-02
-1.298238988965749741e-02
-3.613650053739547729e-02
-1.243282109498977661e-02
1.012210488319396973e+00
-1.269979858398437500e+01
1.594136905670166016e+01
-4.739397430419921875e+01
9.839358520507812500e+02
3.918874263763427734e-01
-1.665070280432701111e-02
-1.187927927821874619e-02
9.179508090019226074e-01
3.155680858965107441e+09
2.251162379980087280e-01
-5.459881946444511414e-02
4.791856557130813599e-02
-4.345636814832687378e-02
-1.197139080613851547e-02
1.007012128829956055e+00
-1.269979858398437500e+01
1.594136905670166016e+01
-4.739397430419921875e+01
9.839358520507812500e+02
3.919294178485870361e-01
-1.665702089667320251e-02
-1.188711822032928467e-02
9.179326295852661133e-01
3.155680858985359669e+09
2.249550521373748779e-01
-5.438554659485816956e-02
-7.399594783782958984e-02
-4.353591427206993103e-02
-7.067626807838678360e-03
1.003769397735595703e+00
-1.268803596496582031e+01
1.521332836151123047e+01
-4.739840316772460938e+01
9.839358520507812500e+02
3.918906152248382568e-01
-1.665257662534713745e-02
-1.186297461390495300e-02
9.179496169090270996e-01
3.155680859005611897e+09
4.089995473623275757e-02
-1.756045520305633545e-01
1.089099943637847900e-01
-4.005215317010879517e-02
-1.002882234752178192e-02
1.010391831398010254e+00
-1.268803596496582031e+01
1.521332836151123047e+01
-4.739840316772460938e+01
9.839375000000000000e+02
3.918372094631195068e-01
-1.665097475051879883e-02
-1.185137033462524414e-02
9.179726243019104004e-01
3.155680859023332596e+09
-2.050714008510112762e-02
-1.752568781375885010e-01
-1.310438290238380432e-02
-3.808754682540893555e-02
-1.243889424949884415e-02
1.010788917541503906e+00
-1.238603305816650391e+01
1.557798576354980469e+01
-4.739586257934570312e+01
9.839375000000000000e+02
3.918246626853942871e-01
-1.662662252783775330e-02
-1.183224655687808990e-02
9.179785847663879395e-01
3.155680859043585300e+09
1.633042097091674805e-01
-1.750261187553405762e-01
-1.349614411592483521e-01
-3.571384400129318237e-02
-1.090396754443645477e-02
1.007431507110595703e+00
-1.238603305816650391e+01
1.557798576354980469e+01
-4.739586257934570312e+01
9.839375000000000000e+02
3.918744623661041260e-01
-1.661399193108081818e-02
-1.181676425039768219e-02
9.179578423500061035e-01
3.155680859063837528e+09
3.466539978981018066e-01
1.888519227504730225e-01
-7.394547015428543091e-02
-4.110097885131835938e-02
-8.013822138309478760e-03
1.004198312759399414e+00
-1.238603305816650391e+01
1.557798576354980469e+01
-4.739586257934570312e+01
9.839375000000000000e+02
3.919068872928619385e-01
-1.664342358708381653e-02
-1.179741509258747101e-02
9.179437160491943359e-01
3.155680859084090233e+09
-2.146631106734275818e-02
-4.175435304641723633e-01
4.799614101648330688e-02
-4.256277531385421753e-02
-7.061341311782598495e-03
1.004239559173583984e+00
-1.268860912322998047e+01
1.521575355529785156e+01
-4.784443283081054688e+01
9.839375000000000000e+02
3.918849825859069824e-01
-1.664181239902973175e-02
-1.175063382834196091e-02
9.179536700248718262e-01
3.155680859104342461e+09
-2.666817605495452881e-01
-2.961294651031494141e-01
4.789472743868827820e-02
-3.856666758656501770e-02
-1.149312220513820648e-02
1.012262582778930664e+00
-1.268860912322998047e+01
1.521575355529785156e+01
-4.784443283081054688e+01
9.839375000000000000e+02
3.918321728706359863e-01
-1.663575880229473114e-02
-1.175062172114849091e-02
9.179762601852416992e-01
3.155680859124595165e+09
-2.155081368982791901e-02
1.282925009727478027e-01
4.794670641422271729e-02
-3.861314430832862854e-02
-7.593504153192043304e-03
1.011400341987609863e+00
-1.380875587463378906e+01
1.594150161743164062e+01
-4.784117889404296875e+01
9.839392089843750000e+02
3.917889297008514404e-01
-1.663526892662048340e-02
-1.171985361725091934e-02
9.179952144622802734e-01
3.155680859144847393e+09
-8.275641500949859619e-02
6.805282086133956909e-03
4.803679138422012329e-02
-3.484900295734405518e-02
-6.434260867536067963e-03
1.001278638839721680e+00
-1.380875587463378906e+01
1.594150161743164062e+01
-4.784117889404296875e+01
9.839392089843750000e+02
3.916662931442260742e-01
-1.663870923221111298e-02
-1.173455361276865005e-02
9.180472493171691895e-01
3.155680859165099144e+09
1.624320447444915771e-01
6.729461997747421265e-02
-7.385897636413574219e-02
-4.300806671380996704e-02
-4.723064601421356201e-03
1.010561823844909668e+00
-1.380875587463378906e+01
1.594150161743164062e+01
-4.784117889404296875e+01
9.839409790039062500e+02
3.915484845638275146e-01
-1.665485277771949768e-02
-1.173628494143486023e-02
9.180971980094909668e-01
3.155680859185351372e+09
3.994735702872276306e-02
-2.965032458305358887e-01
4.800586402416229248e-02
-4.254460334777832031e-02
-9.963313117623329163e-03
1.003202319145202637e+00
-1.239191436767578125e+01
1.594200611114501953e+01
-4.739365005493164062e+01
9.839409790039062500e+02
3.916614353656768799e-01
-1.664840616285800934e-02
-1.174161676317453384e-02
9.180490970611572266e-01
3.155680859205604076e+09
2.849048376083374023e-01
-5.361866578459739685e-02
-1.300229504704475403e-02
-4.047405719757080078e-02
-9.161025285720825195e-03
1.017638802528381348e+00
-1.239191436767578125e+01
1.594200611114501953e+01
-4.739365005493164062e+01
9.839392089843750000e+02
3.917787969112396240e-01
-1.663638837635517120e-02
-1.171501353383064270e-02
9.179995656013488770e-01
3.155680859223325253e+09
-1.442305296659469604e-01
-1.142165586352348328e-01
-7.401433587074279785e-02
-4.054125770926475525e-02
-1.050804555416107178e-02
1.009422659873962402e+00
-1.268746376037597656e+01
1.521090316772460938e+01
-4.695237731933593750e+01
9.839392089843750000e+02
3.918263912200927734e-01
-1.663490757346153259e-02
-1.170077919960021973e-02
9.179794788360595703e-01
3.155680859243577480e+09
-8.280105888843536377e-02
1.284007132053375244e-01
1.089489907026290894e-01
-3.716178238391876221e-02
-1.140897069126367569e-02
1.007435202598571777e+00
-1.268746376037597656e+01
1.521090316772460938e+01
-4.695237731933593750e+01
9.839392089843750000e+02
3.917769789695739746e-01
-1.662891916930675507e-02
-1.171242352575063705e-02
9.180005192756652832e-01
3.155680859263830185e+09
-2.052083909511566162e-01
-2.355506271123886108e-01
4.797923192381858826e-02
-4.632425308227539062e-02
-1.493770442903041840e-02
1.007931947708129883e+00
-1.268746376037597656e+01
1.521090316772460938e+01
-4.695237731933593750e+01
9.839392089843750000e+02
3.917269706726074219e-01
-1.662226207554340363e-02
-1.172749418765306473e-02
9.180217981338500977e-01
3.155680859284082413e+09
1.011047884821891785e-01
-2.354921847581863403e-01
4.805009812116622925e-02
-3.912593796849250793e-02
-7.560908794403076172e-03
1.008519172668457031e+00
-1.269391727447509766e+01
1.557734870910644531e+01
-4.739619064331054688e+01
9.839409790039062500e+02
3.917123377323150635e-01
-1.662727817893028259e-02
-1.172886136919260025e-02
9.180278182029724121e-01
3.155680859304334641e+09
-8.265863358974456787e-02
7.429413497447967529e-03
-1.297728344798088074e-02
-3.909225761890411377e-02
-6.647732574492692947e-03
1.012874007225036621e+00
-1.269391727447509766e+01
1.557734870910644531e+01
-4.739619064331054688e+01
9.839409790039062500e+02
3.917181193828582764e-01
-1.660819165408611298e-02
-1.173159852623939514e-02
9.180257320404052734e-01
3.155680859324586391e+09
5.301642417907714844e-01
4.316794276237487793e-01
-1.292564533650875092e-02
-4.411083832383155823e-02
-7.429889868944883347e-03
9.941402077674865723e-01
-1.201011753082275391e+01
1.521230411529541016e+01
-4.695166015625000000e+01
9.839409790039062500e+02
3.917264044284820557e-01
-1.664216816425323486e-02
-1.175188738852739334e-02
9.180213212966918945e-01
3.155680859344839096e+09
3.464195728302001953e-01
6.136181950569152832e-01
1.089775264263153076e-01
-4.708611965179443359e-02
-3.056800924241542816e-03
9.913985729217529297e-01
-1.201011753082275391e+01
1.521230411529541016e+01
-4.695166015625000000e+01
9.839409790039062500e+02
3.918119668960571289e-01
-1.662944629788398743e-02
-1.175000425428152084e-02
9.179850220680236816e-01
3.155680859365091324e+09
1.629055589437484741e-01
6.769049167633056641e-02
4.804595559835433960e-02
-4.735696688294410706e-02
-7.190234959125518799e-03
1.009104847908020020e+00
-1.239191436767578125e+01
1.594200611114501953e+01
-4.739365005493164062e+01
9.839409790039062500e+02
3.918843269348144531e-01
-1.662330329418182373e-02
-1.176632381975650787e-02
9.179540872573852539e-01
3.155680859385344028e+09
3.470830321311950684e-01
3.705475926399230957e-01
4.800186306238174438e-02
-4.197399690747261047e-02
-8.156560361385345459e-03
1.013831257820129395e+00
-1.239191436767578125e+01
1.594200611114501953e+01
-4.739365005493164062e+01
9.839409790039062500e+02
3.919885158538818359e-01
-1.664281450212001801e-02
-1.180300582200288773e-02
9.179087281227111816e-01
